7.964144917199686091e+00
1.318458985197989719e+01
1.474038226706938914e+01
1.986418333947597858e+01
1.361636199677235481e+01
2.958259291768934673e+01
8.301706734610361238e+00
2.000414678989942274e+01
8.181372888453838144e+00
1.293710292427188868e+01
8.285586317214729490e+00
1.464329872808975885e+01
1.218176909556592946e+01
8.092572567864921851e+00
2.100327004064194369e+01
1.878001534627564340e+01
1.443697192047022781e+01
8.788128690265532228e+00
2.479676910368076292e+01
7.596406991097137684e+00
1.329880519529230121e+01
9.943510774320515111e+00
1.317285693422746995e+01
1.810614294868398133e+01
7.794612572826707719e+00
1.261897321700649144e+01
1.923059748472923047e+01
1.451733718346408963e+01
1.548497529799930383e+01
3.314527167576445521e+01
8.837370307989056428e+00
3.202138804870367750e+01
1.107258796155198155e+01
2.052708752457255414e+01
2.021079777234769281e+01
8.021574840774700732e+00
1.462200253881023215e+01
1.318548118949740378e+01
8.273100317309047824e+00
9.294852240193378634e+00
7.131298259071670032e+00
8.496339707799617003e+00
1.423234356717608406e+01
1.475104627907015775e+01
1.381721535114712474e+01
1.597098062983708289e+01
2.453840546701604808e+01
1.598353230399696656e+01
8.488321061114662669e+00
1.796214597479012554e+01
1.973343802716351902e+01
2.523127423239867184e+01
1.400169986876309203e+01
