1.856515696764261758e+00
2.256491862607083565e+00
2.729077628359032115e+00
3.284316320001296141e+00
3.932973668840757053e+00
4.686450894136886980e+00
5.556663198832149320e+00
6.555880804170628906e+00
7.696530505173093673e+00
8.990956835401590297e+00
1.045114327975661261e+01
1.208839554752569434e+01
1.391299067823112168e+01
1.593379764745562177e+01
1.815787710026164348e+01
2.059006978300268287e+01
2.323258507516115046e+01
2.608460263786541944e+01
2.914190148787958989e+01
3.239653167011499590e+01
3.583654404149272921e+01
3.944579341273546902e+01
4.320382936243219518e+01
4.708588740717573273e+01
5.106299088296864852e+01
5.510217090282167618e+01
5.916680817767169742e+01
6.321709643385216282e+01
6.721062277615291691e+01
7.110305580600677899e+01
7.484892780621458996e+01
7.840249305592131179e+01
8.171864055282816253e+01
8.475383629431783561e+01
8.746706798385444870e+01
8.982076372926364627e+01
9.178165608819412569e+01
9.332156374580559088e+01
9.441806517796648279e+01
9.505504180048447438e+01
9.522307221631750451e+01
9.491966408311185432e+01
9.414931562520879993e+01
9.292340466822183487e+01
9.125990902220152634e+01
8.918296781798953532e+01
8.672229875647433062e+01
8.391249093074569032e+01
8.079219673021137282e+01
7.740324918217568495e+01
7.378973283090461166e+01
6.999703685369257755e+01
6.607091858150826624e+01
6.205660399613330469e+01
5.799794923234335187e+01
5.393668377876402076e+01
4.991175213058205884e+01
4.595876630588472267e+01
4.210957710632660422e+01
3.839196748861231612e+01
3.482946710728818118e+01
3.144128315880728763e+01
2.824233923814055558e+01
2.524341111322496900e+01
2.245134619252992536e+01
1.986935203272001615e+01
1.749733849724728429e+01
1.533229809189083959e+01
1.336870950295764082e+01
1.159895036151537084e+01
1.001370665294805384e+01
8.602367879095563552e+00
7.353398953682820149e+00
6.254681769156453797e+00
5.293821322470368962e+00
4.458413149712064261e+00
3.736270530740493978e+00
3.115611437336593958e+00
2.585206480036526866e+00
2.134490143407842044e+00
1.753638384363544578e+00
1.433616212204354090e+00
1.166199190778045347e+00
9.439729276551165338e-01
7.603145721960351544e-01
6.093601656850101689e-01
4.859614044401907029e-01
3.856350217212933806e-01
3.045075944783142141e-01
2.392581611745524806e-01
1.870606177366412604e-01
1.455274565996308167e-01
1.126560411546486118e-01
8.677827312643900115e-02
6.651421850313696260e-02
5.073001065193193798e-02
3.850014681764039881e-02
2.907413410182514354e-02
2.184731971760263750e-02
1.633565341791494777e-02
1.215407266738550117e-02
8.998168425309538421e-03
6.628776535704160137e-03
4.859142224679578216e-03
3.544319094493672637e-03
2.572485819673350684e-03
1.857890593691661216e-03
1.335162892908710926e-03
9.547624784550454982e-04
6.793653677944198367e-04
4.810147967454633192e-04
3.388913155814970968e-04
2.375797466206278140e-04
1.657316145701999497e-04
1.150398427060415663e-04
7.945809864141182188e-05
5.461035872749396558e-05
3.734727001697737812e-05
2.541497373511605187e-05
1.720946780985659145e-05
1.159557226471380119e-05
7.774346708715362383e-06
5.186598070174600187e-06
3.443089047887304162e-06
2.274368790144633690e-06
1.494928738393382146e-06
9.777482918682262657e-07
6.363273827893759045e-07
4.120796143146362620e-07
2.655391861077645006e-07
1.702640974554106287e-07
1.086336853056186069e-07
6.896883920168394326e-08
4.357007340900935936e-08
2.738865075741349535e-08
1.713168009862792218e-08
1.066292232568487881e-08
6.603885069558066548e-09
4.069768806232138514e-09
2.495668758368326461e-09
1.522828925766733016e-09
9.246178303029779663e-10
5.586250185652886332e-10
3.358346258322814149e-10
2.008988877723469482e-10
1.195849605734689474e-10
7.083086873240582471e-11
4.174606486260864250e-11
2.448248460807152697e-11
1.428704485276840554e-11
8.296144303893668680e-12
4.793548860532897513e-12
2.756036664191154334e-12
1.576738944385708698e-12
8.975973664781902791e-13
5.084524171838239852e-13
2.865933007502767770e-13
1.607417617033476353e-13
8.970948938056461373e-14
4.981900128484291109e-14
2.752951883537817944e-14
1.513732711283589413e-14
8.282219621755196560e-15
4.509114470730442997e-15
2.442770969883569923e-15
1.316804224274253339e-15
7.063283589209975141e-16
3.769980008285817554e-16
2.002250553615258360e-16
1.058143988689263128e-16
5.564396735236443850e-17
2.911644690115702929e-17
1.516022467406183366e-17
7.854523979938764812e-18
4.049310445145023890e-18
2.077252302231242742e-18
1.060338170573122276e-18
5.385754013119749278e-19
2.722046897272566174e-19
1.368962854752752244e-19
6.850696007712707227e-20
3.411337594589507103e-20
1.690291765187414642e-20
8.333848905611988492e-21
4.088618039404387358e-21
1.995971932898857166e-21
9.695702716775745111e-22
4.686526999542171709e-22
2.254083122460572972e-22
1.078786995464038010e-22
5.137459948982866566e-23
2.434490966185216105e-23
1.147928548883550275e-23
5.386026896971543819e-24
2.514601384336290409e-24
1.168198795629447328e-24
5.400218464455585703e-25
2.484007347811751935e-25
1.136950074127991689e-25
5.178176910986234654e-26
2.346709572725812837e-26
1.058251218882749526e-26
4.748595550552766479e-27
2.120257248229944214e-27
9.420173535088837524e-28
4.164628064940130705e-28
1.832063452148215955e-28
8.019582732983591700e-29
3.493091842751477014e-29
1.513962815076759494e-29
6.529311430587569014e-30
2.801989674393693259e-30
1.196499850608100060e-30
5.084002299869352909e-31
2.149541327668874983e-31
9.043422723758196263e-32
3.785879927325383683e-32
1.577058527714097888e-32
6.536958952632897534e-33
2.696191133226134379e-33
1.106553881146167571e-33
4.518990484381353869e-34
1.836357611157694837e-34
7.425403583357986925e-35
2.987650823131467351e-35
1.196152591273921703e-35
4.765300622954883027e-36
1.889039300654673762e-36
7.451413330529482740e-37
2.924713211717235468e-37
1.142286096879104676e-37
4.439289485921018403e-38
1.716718206721849273e-38
6.605892946495643895e-39
2.529362182840230626e-39
9.636902878040294766e-40
3.653515167673510438e-40
1.378260528228028238e-40
5.173669643138852691e-41
1.932471247259232535e-41
7.182478905168457584e-42
2.656333802720160758e-42
9.775475913807541867e-43
3.579646512842983586e-43
1.304335595895127071e-43
4.729176490302778392e-44
1.706195015258631392e-44
6.125179031129263746e-45
2.188043121897227364e-45
7.777498534701560038e-46
2.750875722594704195e-46
9.681640995515229323e-47
3.390579641452216126e-47
1.181533111443213843e-47
4.096989162760059938e-48
1.413613567962270785e-48
4.853371841237140457e-49
1.658072050694569302e-49
5.636508972934970318e-50
1.906619270394545965e-50
6.417482972912114911e-51
2.149376238359782005e-51
7.163200925316835564e-52
2.375465866408092116e-52
7.838580575142049773e-53
2.573789536693955225e-53
8.409217907627657813e-54
2.733915916389830922e-54
8.844263470612857202e-55
2.846984885511444707e-55
9.119176525891936448e-56
2.906518257491319200e-56
9.218016038469099081e-57
2.909034252710926951e-57
9.134971186747626209e-58
2.854384669812052393e-58
8.874927010663986656e-59
2.745769339811479407e-59
8.452988612079934464e-60
2.589425902295203885e-60
7.893028364581465476e-61
2.394036736935252199e-61
7.225450478537419618e-62
2.169931471569548407e-62
6.484463945966858642e-63
1.928186831652896907e-63
5.705203194057082314e-64
1.679732372556254679e-64
4.921030300939111865e-65
1.434560794086732754e-65
4.161298284550886114e-66
1.201118092123405228e-66
3.449765235835118493e-67
9.859169781144139289e-68
2.803742475504745466e-68
7.933829589724288444e-69
2.233955853262079836e-69
6.259119976754777655e-70
1.745014088459897772e-70
4.840960848998454818e-71
1.336322172832625749e-71
3.670605829889110112e-72
1.003254917336630660e-72
2.728549365220782395e-73
7.384129513485121197e-74
1.988445840995306080e-74
5.328134746001030402e-75
1.420638576802994648e-75
3.769111447741537537e-76
9.950418025133479770e-77
2.613910086792159998e-77
6.832614755975822974e-78
1.777175002414425163e-78
4.599603847865128733e-79
1.184561553133951435e-79
3.035580878008260646e-80
7.740570232289292350e-81
1.964043371344532602e-81
4.958795105322386398e-82
1.245799709290167016e-82
3.114348850300623018e-83
7.746994759236342914e-84
1.917547972640592013e-84
4.722872102788332910e-85
1.157478954586719708e-85
2.822714754227032105e-86
6.849641703408183674e-87
1.653924526245452508e-87
3.973841049403798234e-88
9.500626990165086921e-89
2.260169522913291554e-89
5.350282735844330773e-90
1.260257883637670116e-90
2.953854398610071391e-91
6.889151208152043412e-92
1.598782262232184454e-92
3.691984737360236006e-93
8.483546489336403412e-94
1.939733036931670853e-94
4.413198405512049465e-95
9.991067980927526603e-96
2.250698631261679025e-96
5.045099676885095767e-97
1.125302093375592334e-97
2.497557375491118131e-98
5.515803581054645905e-99
1.212129671699344048e-99
2.650552091478103485e-100
5.767273890079779133e-101
1.248681797799944846e-101
2.690171433698473478e-102
5.767068419701883513e-103
1.230204248226033857e-103
2.611237129668969807e-104
5.515214068283825677e-105
1.159112012656506440e-105
2.424015603286703775e-106
5.044201033351427213e-107
1.044470874326776904e-107
2.152024704269262028e-108
4.412097921548093942e-109
9.000984296416641621e-110
1.827182120527413507e-110
3.690801098649786250e-111
7.418334581441892266e-112
1.483676316244958017e-112
2.952696999747751680e-113
5.847168009473268047e-114
1.152177086976717749e-114
2.259122948345927958e-115
4.407653760300844365e-116
8.557010153278460761e-117
1.653040882343020520e-117
3.177547951791392186e-118
6.077816771105787538e-119
1.156778117796685551e-119
2.190783682921733677e-120
4.128534346557012040e-121
7.741752406264606731e-122
1.444540175687485950e-122
2.682050455344237524e-123
4.955086425141502123e-124
9.109247356054359141e-125
1.666328906161241622e-125
3.033094437351785287e-126
5.493613585337378331e-127
9.900958852091354609e-128
1.775592795828815896e-128
3.168520084660304325e-129
5.626217612397714237e-130
9.940850874691468857e-131
1.747742967379871757e-131
3.057584999754474145e-132
5.322632560351236917e-133
9.219797979133966091e-134
1.589144156132275657e-134
2.725537468457357175e-135
4.651446066872825826e-136
7.898975997249534595e-137
1.334751968335427149e-137
2.244281436654599233e-138
3.754923003071920756e-139
6.251319934533618531e-140
1.035593671203245196e-140
1.707080575712364506e-141
2.800048959303477694e-142
4.570084192899156966e-143
7.422150362049390105e-144
1.199450326531410795e-144
1.928775838996673858e-145
3.086229504079328731e-146
4.913847247116621668e-147
7.785061652471945581e-148
1.227296320338244443e-148
1.925235137711767510e-149
3.005142691506078474e-150
4.667597390487474225e-151
7.213875619000674732e-152
1.109406952008502433e-152
1.697696633647695272e-153
2.585093546018648039e-154
3.916872282531453756e-155
5.905402852642888550e-156
8.859447108205519320e-157
1.322545680227610201e-157
1.964543792916194011e-158
2.903753316854137515e-159
4.270755361893493380e-160
6.250239255017153593e-161
9.101973378680564449e-162
1.318929102479193235e-162
1.901753888041553070e-163
2.728564006551572847e-164
3.895479743996539158e-165
5.533943570772453283e-166
7.822678355032803784e-167
1.100330604454541005e-167
1.540060857113979453e-168
2.144862935624856750e-169
2.972406330286000138e-170
4.098866580142731902e-171
5.624272547146827321e-172
7.679198705071243466e-173
1.043307727887161303e-173
1.410444217028725769e-174
1.897345301662467894e-175
2.539708130634701682e-176
3.382736845511413110e-177
4.483318470296673931e-178
5.912592351813906263e-179
7.758955411550454195e-180
1.013154193616524022e-180
1.316421019406979050e-181
1.702005821624621175e-182
2.189647702447189274e-183
2.803073087987085707e-184
3.570603030391988313e-185
4.525803438956372557e-186
5.708168418267589571e-187
7.163822886746134591e-188
8.946226167605257067e-189
1.111685338187909188e-189
1.374582637189665442e-190
1.691246073574504477e-191
2.070569060265347403e-192
2.522432831900494432e-193
3.057711258213882287e-194
3.688249612538037280e-195
4.426812321372365319e-196
5.286994834730230856e-197
6.283095105757690469e-198
7.429940783985446823e-199
8.742669133529034949e-200
1.023645789891703971e-200
1.192620685635938510e-201
1.382617159015677392e-202
1.594955308736928539e-203
1.830804899344409663e-204
2.091137474272647470e-205
2.376676517679394197e-206
2.687846958053485175e-207
3.024725517839669588e-208
3.386993591154093643e-209
3.773894463050542032e-210
4.184196756329758258e-211
4.616165994640198751e-212
5.067546095002034211e-213
5.535552443212295808e-214
6.016877960074206875e-215
6.507713237341463768e-216
7.003781416613309005e-217
7.500388013753443787e-218
7.992485371593063898e-219
8.474750874614910736e-220
8.941677503959339424e-221
9.387674774421013033e-222
9.807177602966697633e-223
1.019476023592350771e-223
1.054525203271933574e-224
1.085385168752637190e-225
