1.980077365822451385e-23
5.715288542395270801e-21
1.244182348605295192e-18
2.042771466800584525e-16
2.529562435608668413e-14
2.362440593202817923e-12
1.664049581817254489e-10
8.840188001649486274e-09
3.541984144487701779e-07
1.070339609041747955e-05
2.439419294783365432e-04
4.193157591099034610e-03
5.436079354098532351e-02
5.315207990676723560e-01
3.919625842913642355e+00
2.180011747834091196e+01
9.144562413276682378e+01
2.893056369264627961e+02
6.903045497230832552e+02
1.242265570138790508e+03
1.686079447444189555e+03
1.725963047115875497e+03
1.332523340090347119e+03
7.759040684572074724e+02
3.407462667085068801e+02
1.128610421935275241e+02
2.819336275221743193e+01
5.311773831034506621e+00
7.547830584618753225e-01
8.088995336977947148e-02
6.538180399859634326e-03
3.985741113678023593e-04
1.832530225181598784e-05
6.354524805211692996e-07
1.661899989244747350e-08
3.278057472406621350e-10
4.876611011066067804e-12
5.471539504389285986e-14
4.630104960847986358e-16
2.955030761364944652e-18
1.422404275190731223e-20
5.163854116628398911e-23
1.413887168216458372e-25
2.919748300779881588e-28
4.547429224859490020e-31
5.341661403322258067e-34
4.732347583855209649e-37
3.162035839982054464e-40
1.593480721820705907e-43
6.056430140288694713e-47
1.736106980715246012e-50
3.753411043298802965e-54
6.120200420705380106e-58
7.526534110298426866e-62
6.980946293217086700e-66
4.883412745320343827e-70
2.576454283040139243e-74
1.025206431181620548e-78
3.076734886340510406e-83
6.963999043638914210e-88
1.188823010414633586e-92
1.530613625605839087e-97
1.486290906081002409e-102
1.088508785990320198e-107
6.012428571929054484e-113
2.504711985406995842e-118
7.869652048968311644e-124
1.864846717461239447e-129
3.332887257860428687e-135
4.492498888430093073e-141
4.567149275029220205e-147
3.501807815019244101e-153
2.025019835215154401e-159
8.831940371595697728e-166
2.905178676699799200e-172
7.207413524058194447e-179
1.348577487957781217e-185
1.903102780593995916e-192
2.025528950253603240e-199
1.625940087278361938e-206
9.843748183880498679e-214
4.494758111991159573e-221
1.547896888624508788e-228
4.020384616285122567e-236
7.875589125021086328e-244
1.163558897695464716e-251
1.296532970767847328e-259
1.089603857176034942e-267
6.906270292556300330e-276
3.301477818742965946e-284
1.190318186097597062e-292
3.236738599351541424e-301
6.638073515717977325e-310
1.022493557350751786e-318
0.000000000000000000e+00
0.000000000000000000e+00
0.000000000000000000e+00
0.000000000000000000e+00
0.000000000000000000e+00
0.000000000000000000e+00
0.000000000000000000e+00
0.000000000000000000e+00
0.000000000000000000e+00
0.000000000000000000e+00
0.000000000000000000e+00
0.000000000000000000e+00
0.000000000000000000e+00
0.000000000000000000e+00
0.000000000000000000e+00
0.000000000000000000e+00
0.000000000000000000e+00
0.000000000000000000e+00
0.000000000000000000e+00
0.000000000000000000e+00
0.000000000000000000e+00
0.000000000000000000e+00
0.000000000000000000e+00
0.000000000000000000e+00
0.000000000000000000e+00
0.000000000000000000e+00
0.000000000000000000e+00
0.000000000000000000e+00
0.000000000000000000e+00
0.000000000000000000e+00
0.000000000000000000e+00
0.000000000000000000e+00
0.000000000000000000e+00
0.000000000000000000e+00
0.000000000000000000e+00
0.000000000000000000e+00
0.000000000000000000e+00
0.000000000000000000e+00
0.000000000000000000e+00
0.000000000000000000e+00
0.000000000000000000e+00
0.000000000000000000e+00
0.000000000000000000e+00
0.000000000000000000e+00
0.000000000000000000e+00
0.000000000000000000e+00
0.000000000000000000e+00
0.000000000000000000e+00
0.000000000000000000e+00
0.000000000000000000e+00
0.000000000000000000e+00
0.000000000000000000e+00
0.000000000000000000e+00
0.000000000000000000e+00
0.000000000000000000e+00
0.000000000000000000e+00
0.000000000000000000e+00
0.000000000000000000e+00
0.000000000000000000e+00
0.000000000000000000e+00
0.000000000000000000e+00
0.000000000000000000e+00
0.000000000000000000e+00
0.000000000000000000e+00
0.000000000000000000e+00
0.000000000000000000e+00
0.000000000000000000e+00
0.000000000000000000e+00
0.000000000000000000e+00
0.000000000000000000e+00
0.000000000000000000e+00
0.000000000000000000e+00
0.000000000000000000e+00
0.000000000000000000e+00
0.000000000000000000e+00
0.000000000000000000e+00
0.000000000000000000e+00
0.000000000000000000e+00
0.000000000000000000e+00
0.000000000000000000e+00
0.000000000000000000e+00
0.000000000000000000e+00
0.000000000000000000e+00
0.000000000000000000e+00
0.000000000000000000e+00
0.000000000000000000e+00
0.000000000000000000e+00
0.000000000000000000e+00
0.000000000000000000e+00
0.000000000000000000e+00
0.000000000000000000e+00
0.000000000000000000e+00
0.000000000000000000e+00
0.000000000000000000e+00
0.000000000000000000e+00
0.000000000000000000e+00
0.000000000000000000e+00
0.000000000000000000e+00
0.000000000000000000e+00
0.000000000000000000e+00
0.000000000000000000e+00
0.000000000000000000e+00
0.000000000000000000e+00
0.000000000000000000e+00
0.000000000000000000e+00
0.000000000000000000e+00
