5.496197782836815820e-06
5.968416487066948306e-06
6.479855475475841034e-06
7.033653135515025709e-06
7.633188799756191793e-06
8.282100399318000883e-06
8.984303342954859555e-06
9.744010701660129166e-06
1.056575478344500200e-05
1.145441018803063557e-05
1.241521843653401331e-05
1.345381427686668110e-05
1.457625377149584950e-05
1.578904428046646406e-05
1.709917645916134618e-05
1.851415839718775023e-05
2.004205203206557855e-05
2.169151197902850108e-05
2.347182692630051198e-05
2.539296375364497740e-05
2.746561454085458075e-05
2.970124664216060921e-05
3.211215601229618104e-05
3.471152398020713067e-05
3.751347767712191544e-05
4.053315433696832857e-05
4.378676969889511877e-05
4.729169075401318408e-05
5.106651309138814511e-05
5.513114311183418934e-05
5.950688539220381031e-05
6.421653549763459406e-05
6.928447855467641887e-05
7.473679391433611164e-05
8.060136625092740941e-05
8.690800346018030516e-05
9.368856173840076453e-05
1.009770782435822327e-04
1.088099117592709148e-04
1.172258918027652375e-04
1.262664766407859632e-04
1.359759206982680984e-04
1.464014518692806507e-04
1.575934592633860089e-04
1.696056919460360319e-04
1.824954692577716582e-04
1.963239033243054771e-04
2.111561343977342296e-04
2.270615796984827930e-04
2.441141964579280515e-04
2.623927598930770829e-04
2.819811568773041661e-04
3.029686961047466836e-04
3.254504355809204768e-04
3.495275283080279431e-04
3.753075870706833162e-04
4.029050692661904453e-04
4.324416827630752865e-04
4.640468138125131690e-04
4.978579780792315255e-04
5.340212959020309343e-04
5.726919929384178577e-04
6.140349273939050070e-04
6.582251450835634567e-04
7.054484636218084914e-04
7.559020870861666479e-04
8.097952525514651818e-04
8.673499099434063293e-04
9.288014367135305049e-04
9.943993888925015123e-04
1.064408290134327782e-03
1.139108460421243670e-03
1.218796886157183946e-03
1.303788133436937016e-03
1.394415306338772685e-03
1.491031052149474059e-03
1.594008615493399577e-03
1.703742943400472819e-03
1.820651843412413214e-03
1.945177196891700400e-03
2.077786229763321519e-03
2.218972842986696985e-03
2.369259005121392755e-03
2.529196209419029909e-03
2.699366997941021404e-03
2.880386555270782016e-03
3.072904374457853614e-03
3.277605997899330284e-03
3.495214835934118327e-03
3.726494065992414558e-03
3.972248615212800246e-03
4.233327229505602293e-03
4.510624632109335765e-03
4.805083774753101875e-03
5.117698184602653862e-03
5.449514410233231854e-03
5.801634569933399044e-03
6.175219005707183011e-03
6.571489046399463067e-03
6.991729883428322162e-03
7.437293562662061243e-03
7.909602096031833479e-03
8.410150696520226829e-03
8.940511140212614033e-03
9.502335259141765980e-03
1.009735856869540920e-02
1.072740403339203855e-02
1.139438597486194631e-02
1.210031412589652328e-02
1.284729783445111295e-02
1.363755042150271123e-02
1.447339369667460622e-02
1.535726263554476091e-02
1.629171022255237328e-02
1.727941246340955819e-02
1.832317357090728141e-02
1.942593132798335273e-02
2.059076263188649655e-02
2.182088922323188046e-02
2.311968360369370812e-02
2.449067514602153509e-02
2.593755640000022442e-02
2.746418959789256875e-02
2.907461336281613393e-02
3.077304962340420003e-02
3.256391073798847041e-02
3.445180683141783190e-02
3.644155334748764435e-02
3.853817881980770021e-02
4.074693286376902118e-02
4.307329439209500732e-02
4.552298005626837646e-02
4.810195291591740085e-02
5.081643133802521417e-02
5.367289812758139350e-02
5.667810989104647701e-02
5.983910663372304234e-02
6.316322159184001306e-02
6.665809129984968939e-02
7.033166589311150296e-02
7.419221964579561512e-02
7.824836174347189754e-02
8.250904728947669464e-02
8.698358854374090010e-02
9.168166639234791304e-02
9.661334204564923922e-02
1.017890689622998335e-01
1.072197049961041287e-01
1.129165247620478041e-01
1.188912322173847624e-01
1.251559734530877377e-01
1.317233496904224033e-01
1.386064304768069300e-01
1.458187670745203779e-01
1.533744060351948935e-01
1.612879029523722474e-01
1.695743363837456941e-01
1.782493219340122448e-01
1.873290264885552059e-01
1.968301825874403110e-01
2.067701029284716441e-01
2.171666949872755881e-01
2.280384757415977182e-01
2.394045864861936435e-01
2.512848077238757361e-01
2.636995741174346097e-01
2.766699894862999498e-01
2.902178418309417918e-01
3.043656183671280546e-01
3.191365205512495251e-01
3.345544790770264565e-01
3.506441688229912645e-01
3.674310237292003345e-01
3.849412515807068003e-01
4.032018486743704777e-01
4.222406143446438276e-01
4.420861653230026000e-01
4.627679499047519518e-01
4.843162618959740984e-01
5.067622543124284951e-01
5.301379528012696296e-01
5.544762687554907199e-01
5.798110120900893394e-01
6.061769036479793815e-01
6.336095872027966980e-01
6.621456410248212077e-01
6.918225889753575331e-01
7.226789110940410321e-01
7.547540536426918800e-01
7.880884385685380522e-01
8.227234723487842905e-01
8.587015541777801575e-01
8.960660834572842237e-01
9.348614665496349785e-01
9.751331227529506096e-01
1.016927489456876055e+00
1.060292026436836066e+00
1.105275219244169049e+00
1.151926581649086456e+00
1.200296657092928987e+00
1.250437019105874681e+00
1.302400270645865277e+00
1.356240042314312388e+00
1.412010989403974071e+00
1.469768787734194282e+00
1.529570128228754378e+00
1.591472710191502715e+00
1.655535233235138071e+00
1.721817387818614487e+00
1.790379844348954030e+00
1.861284240803581014e+00
1.934593168829782384e+00
2.010370158278327768e+00
2.088679660129026061e+00
2.169587027766655574e+00
2.253158496566522562e+00
2.339461161749862406e+00
2.428562954470281809e+00
2.520532616093651868e+00
2.615439670634967406e+00
2.713354395317200574e+00
2.814347789218516027e+00
2.918491539975836879e+00
3.025857988514439434e+00
3.136520091775040431e+00
3.250551383411797168e+00
3.368025932436609970e+00
3.489018299787304489e+00
3.613603492799597028e+00
3.741856917564983398e+00
3.873854329159344800e+00
4.009671779729577779e+00
4.149385564428325068e+00
4.293072165189845357e+00
4.440808192342574401e+00
4.592670324057784192e+00
4.748735243636055259e+00
4.909079574637182475e+00
5.073779813862270061e+00
5.242912262200156270e+00
5.416552953354393907e+00
5.594777580469737721e+00
5.777661420682103532e+00
5.965279257618655961e+00
6.157705301879430770e+00
6.355013109535438964e+00
6.557275498682502146e+00
6.764564464094380725e+00
6.976951090022240898e+00
7.194505461192960638e+00
7.417296572061887971e+00
7.645392234380826046e+00
7.878858983146071360e+00
8.117761980995748416e+00
8.362164921130478490e+00
8.612129928834983517e+00
8.867717461684033964e+00
9.128986208519185297e+00
9.395992987288233067e+00
9.668792641843108271e+00
9.947437937796557605e+00
1.023197945754258065e+01
1.052246549454882363e+01
1.081894194703505185e+01
1.112145221115423155e+01
1.143003707379805789e+01
1.174473460515223877e+01
1.206558005113063281e+01
1.239260572582182718e+01
1.272584090408397905e+01
1.306531171442927430e+01
1.341104103234071943e+01
1.376304837416865468e+01
1.412134979175682403e+01
1.448595776795068701e+01
1.485688111314413007e+01
1.523412486302162350e+01
1.561769017765760381e+01
1.600757424213454883e+01
1.640377016884476902e+01
1.680626690164198322e+01
1.721504912200997595e+01
1.763009715741773320e+01
1.805138689202966873e+01
1.847888967994254017e+01
1.891257226111881806e+01
1.935239668018780534e+01
1.979832020828519745e+01
2.025029526810093117e+01
2.070826936230566062e+01
2.117218500552281313e+01
2.164197966001492546e+01
2.211758567524821117e+01
2.259893023149951219e+01
2.308593528766630953e+01
2.357851753343804901e+01
2.407658834598493414e+01
2.458005375131475745e+01
2.508881439044814599e+01
2.560276549055507900e+01
2.612179684119390544e+01
2.664579277578811656e+01
2.717463215847157798e+01
2.770818837642783450e+01
2.824632933784299382e+01
2.878891747558682823e+01
2.933580975672911606e+01
2.988685769799314329e+01
3.044190738724052636e+01
3.100079951107496967e+01
3.156336938864500041e+01
3.212944701171787187e+01
3.269885709108978489e+01
3.327141910938799896e+01
3.384694738031342354e+01
3.442525111436282259e+01
3.500613449106118225e+01
3.558939673772565726e+01
3.617483221477323951e+01
3.676223050757536015e+01
3.735137652485196469e+01
3.794205060358901704e+01
3.853402862045289368e+01
3.912708210966524547e+01
3.972097838729190755e+01
4.031548068188907052e+01
4.091034827144029862e+01
4.150533662650664013e+01
4.210019755950278153e+01
4.269467938000157403e+01
4.328852705595860328e+01
4.388148238073878105e+01
4.447328414581613032e+01
4.506366831900876235e+01
4.565236822809947626e+01
4.623911474968406310e+01
4.682363650307857483e+01
4.740566004910753861e+01
4.798491009358563275e+01
4.856110969529572685e+01
4.913398047825796056e+01
4.970324284807431781e+01
5.026861621212607645e+01
5.082981920339206994e+01
5.138656990764821586e+01
5.193858609380108504e+01
5.248558544710024876e+01
5.302728580496847144e+01
5.356340539518022581e+01
5.409366307611452385e+01
5.461777857880095866e+01
5.513547275047295670e+01
5.564646779933686105e+01
5.615048754026085476e+01
5.664725764108408157e+01
5.713650586924138963e+01
5.761796233839739756e+01
5.809135975477958169e+01
5.855643366289844920e+01
5.901292269034101423e+01
5.946056879132237327e+01
5.989911748867940844e+01
6.032831811399105959e+01
6.074792404550878899e+01
6.115769294358273100e+01
6.155738698326996428e+01
6.194677308381324821e+01
6.232562313468108073e+01
6.269371421786288323e+01
6.305082882611681327e+01
6.339675507687135791e+01
6.373128692148679164e+01
6.405422434958758515e+01
6.436537358818233656e+01
6.466454729529387180e+01
6.495156474782911005e+01
6.522625202342494788e+01
6.548844217601406115e+01
6.573797540486290814e+01
6.597469921684208316e+01
6.619846858169876214e+01
6.640914608010967868e+01
6.660660204430315900e+01
6.679071469104901837e+01
6.696137024682504091e+01
6.711846306498016190e+01
6.726189573472555594e+01
6.739157918179603257e+01
6.750743276063616349e+01
6.760938433797777236e+01
6.769737036768724181e+01
6.777133595677418043e+01
6.783123492246528485e+01
6.787702984026039132e+01
6.790869208290079939e+01
6.792620185019285373e+01
6.792954818964354047e+01
6.791872900787772949e+01
6.789375107282067745e+01
6.785463000664240951e+01
6.780139026947428249e+01
6.773406513392164641e+01
6.765269665040955260e+01
6.755733560341235489e+01
6.744804145863051303e+01
6.732488230119209049e+01
6.718793476496827566e+01
6.703728395310622545e+01
6.687302334989395547e+01
6.669525472408572853e+01
6.650408802382733597e+01
6.629964126333339891e+01
6.608204040148019942e+01
6.585141921248883534e+01
6.560791914888439180e+01
6.535168919692797829e+01
6.508288572472798705e+01
6.480167232324774318e+01
6.450821964043556989e+01
6.420270520871244457e+01
6.388531326606175753e+01
6.355623457097306783e+01
6.321566621150005005e+01
6.286381140870000195e+01
6.250087931472909730e+01
6.212708480587402704e+01
6.174264827080610019e+01
6.134779539434993723e+01
6.094275693706293850e+01
6.052776851092647092e+01
6.010307035145343235e+01
5.966890708651968822e+01
5.922552750223045592e+01
5.877318430613352973e+01
5.831213388809444353e+01
5.784263607914847682e+01
5.736495390864563859e+01
5.687935336000460751e+01
5.638610312539115910e+01
5.588547435963573662e+01
5.537774043370264820e+01
5.486317668802258396e+01
5.434206018599625310e+01
5.381466946797489470e+01
5.328128430601942256e+01
5.274218545973614169e+01
5.219765443348277500e+01
5.164797323523297479e+01
5.109342413738323074e+01
5.053428943977939980e+01
4.997085123523456929e+01
4.940339117780319356e+01
4.883219025406956604e+01
4.825752855770194572e+01
4.767968506751491020e+01
4.709893742927623350e+01
4.651556174148510792e+01
4.592983234534066384e+01
4.534202161911080253e+01
4.475239977710276662e+01
4.416123467342714548e+01
4.356879161073777595e+01
4.297533315412105281e+01
4.238111895029742016e+01
4.178640555228867726e+01
4.119144624969443669e+01
4.059649090471100408e+01
4.000178579401608658e+01
3.940757345663151767e+01
3.881409254786755270e+01
3.822157769944021766e+01
3.763025938584420516e+01
3.704036379705276971e+01
3.645211271760614125e+01
3.586572341213997106e+01
3.528140851739428996e+01
3.469937594073491027e+01
3.411982876520787755e+01
3.354296516113854665e+01
3.296897830427701592e+01
3.239805630048199703e+01
3.183038211692639052e+01
3.126613351979761291e+01
3.070548301845822436e+01
3.014859781602248390e+01
2.959563976629644699e+01
2.904676533702096464e+01
2.850212557934882085e+01
2.796186610347945845e+01
2.742612706036752712e+01
2.689504312941354414e+01
2.636874351203920597e+01
2.584735193104204853e+01
2.533098663561860064e+01
2.481976041193885152e+01
2.431378059914909073e+01
2.381314911067514473e+01
2.331796246069213652e+01
2.282831179562331769e+01
2.234428293052497239e+01
