5.640385800671182219e-48
1.604295748111183247e-45
3.962825881920659433e-43
8.501009186802210602e-41
1.583729172861395051e-38
2.562337214802801043e-36
3.600282572441444512e-34
4.393208635917267359e-32
4.655560829251908036e-30
4.284568778208707851e-28
3.424421132303407850e-26
2.376906807961858862e-24
1.432788467088597094e-22
7.500616070491226292e-21
3.410018471107027064e-19
1.346360814943966873e-17
4.616481839940232240e-16
1.374693047257838421e-14
3.555046430960003364e-13
7.984169619705956921e-12
1.557252973024330331e-10
2.637749315657208918e-09
3.880188335891068140e-08
4.956978429034085804e-07
5.499537764717697593e-06
5.298833638774271541e-05
4.433832854585222647e-04
3.221983307373357114e-03
2.033350240319923077e-02
1.114412649758134283e-01
5.304260091547779998e-01
2.192545051904575715e+00
7.870769190310477725e+00
2.453752552470885107e+01
6.643382960478353993e+01
1.562042149545068526e+02
3.189636153354052226e+02
5.656326605600987705e+02
8.711094958544931615e+02
1.165080554800775190e+03
1.353268884771741341e+03
1.365077081224391577e+03
1.195845821735061691e+03
9.097836801844326828e+02
6.010990342886514100e+02
3.449044953068816994e+02
1.718686302362993104e+02
7.437711235024049472e+01
2.795290489573134352e+01
9.123458841005003706e+00
2.586050632969834062e+00
6.365894939062859414e-01
1.360901981350451095e-01
2.526615536191790037e-02
4.073769146533062248e-03
5.704250687489571033e-04
6.936585258409197355e-05
7.325508729693239932e-06
6.718538160914995128e-07
5.351268259585777617e-08
3.701549774061391369e-09
2.223593526171554573e-10
1.160037809845906996e-11
5.255739421546482018e-13
2.067951940365584465e-14
7.066298746831948698e-16
2.096951973319338928e-17
5.404181292606972037e-19
1.209528962266745758e-20
2.350972617247196671e-22
3.968476435828489740e-24
5.817615006074068738e-26
7.406466885172712123e-28
8.188835176971851703e-30
7.862815962205145620e-32
6.556605110824447530e-34
4.748154932675694126e-36
2.986177863211684818e-38
1.630990375249385420e-40
7.736277885998667848e-43
3.186820927917504933e-45
1.140061280991913916e-47
3.541960132330963615e-50
9.556614711997705063e-53
2.239285264491100969e-55
4.556797231320829640e-58
8.052948499075950001e-61
1.235933420450306911e-63
1.647328328016232281e-66
1.906822175586051337e-69
1.916836884153594222e-72
1.673420394658863483e-75
1.268732000796978847e-78
8.353715238569962533e-82
4.776770501760144457e-85
2.372105617504862529e-88
1.023006997023027651e-91
3.831493761173402370e-95
1.246242557482477586e-98
3.520318590918031748e-102
8.635873995948451303e-106
1.839820956111853336e-109
3.404001650546856238e-113
5.469516025262231525e-117
7.632256767760537699e-121
9.249153404919721082e-125
9.734102813585273270e-129
8.896820160323091067e-133
7.061852318461242367e-137
4.867964324351666990e-141
2.914211575174361123e-145
1.515094450232879950e-149
6.840742962371087926e-154
2.682327324308918987e-158
9.134088422538630933e-163
2.701242572259854349e-167
6.937562302765733049e-172
1.547373458822171369e-176
2.997286978097075783e-181
5.042041858058324708e-186
7.365962492866425693e-191
9.345391417830104639e-196
1.029699317905098135e-200
9.852995641107704943e-206
8.187872903435185115e-211
5.909065869122868228e-216
3.703492811502696826e-221
2.015807781370293892e-226
9.528656363213153855e-232
3.911642437893761957e-237
1.394541907341396071e-242
4.317664836990734744e-248
1.160943863232887612e-253
2.710930913843689077e-259
5.497568081051120355e-265
9.682058870782444734e-271
1.480845527846237000e-276
1.966965459544634235e-282
2.268969435117638801e-288
2.273031707929100164e-294
1.977549116151126629e-300
1.494149315039384913e-306
9.804053192367924635e-313
5.605866443973119789e-319
0.000000000000000000e+00
0.000000000000000000e+00
0.000000000000000000e+00
0.000000000000000000e+00
0.000000000000000000e+00
0.000000000000000000e+00
0.000000000000000000e+00
0.000000000000000000e+00
0.000000000000000000e+00
0.000000000000000000e+00
0.000000000000000000e+00
0.000000000000000000e+00
0.000000000000000000e+00
0.000000000000000000e+00
0.000000000000000000e+00
0.000000000000000000e+00
0.000000000000000000e+00
0.000000000000000000e+00
0.000000000000000000e+00
0.000000000000000000e+00
0.000000000000000000e+00
0.000000000000000000e+00
0.000000000000000000e+00
0.000000000000000000e+00
0.000000000000000000e+00
0.000000000000000000e+00
0.000000000000000000e+00
0.000000000000000000e+00
0.000000000000000000e+00
0.000000000000000000e+00
0.000000000000000000e+00
0.000000000000000000e+00
0.000000000000000000e+00
0.000000000000000000e+00
0.000000000000000000e+00
0.000000000000000000e+00
0.000000000000000000e+00
0.000000000000000000e+00
0.000000000000000000e+00
0.000000000000000000e+00
0.000000000000000000e+00
0.000000000000000000e+00
0.000000000000000000e+00
0.000000000000000000e+00
0.000000000000000000e+00
0.000000000000000000e+00
0.000000000000000000e+00
0.000000000000000000e+00
0.000000000000000000e+00
0.000000000000000000e+00
0.000000000000000000e+00
0.000000000000000000e+00
0.000000000000000000e+00
0.000000000000000000e+00
0.000000000000000000e+00
0.000000000000000000e+00
