6.246151823634389853e-73
1.787452601337749279e-70
4.656073454357014363e-68
1.103998295769733156e-65
2.382759851264485435e-63
4.681181020024387419e-61
8.371318934290037764e-59
1.362685490915109203e-56
2.019113192596004198e-54
2.723259278146618330e-52
3.343340493788926169e-50
3.736246454001370513e-48
3.800613566436479579e-46
3.519129134599377109e-44
2.966060353794470645e-42
2.275558763442724861e-40
1.589129966417581396e-38
1.010169078214403674e-36
5.845100926822529268e-35
3.078599889948855605e-33
1.475970833386661464e-31
6.441182323364743401e-30
2.558684276282435686e-28
9.251903602586539801e-27
3.045150691625689769e-25
9.123254071880486200e-24
2.488020997845025696e-22
6.176203596249353568e-21
1.395572675068391511e-19
2.870427631471783233e-18
5.374078890222215513e-17
9.158508733775980174e-16
1.420720939029601461e-14
2.006116221255687723e-13
2.578497346788133265e-12
3.016758736247431902e-11
3.212756125166720820e-10
3.114427549298079774e-09
2.748159881976835801e-08
2.207339065221801680e-07
1.613835982625241592e-06
1.074021636198571135e-05
6.506238169902597813e-05
3.587650883804344658e-04
1.800751079373639346e-03
8.227359669879131393e-03
3.421610532732896615e-02
1.295280882733166328e-01
4.463346755543001199e-01
1.399976004031578070e+00
3.997089256023751425e+00
1.038796294257324426e+01
2.457424750422279658e+01
5.291677341547507751e+01
1.037217351921965900e+02
1.850586896860651223e+02
3.005470592901631903e+02
4.443025175244903835e+02
5.978721947042405418e+02
7.323205632623117936e+02
8.165022635938736357e+02
8.286609012199584186e+02
7.655253801413646215e+02
6.437327887381987921e+02
4.927367542136409497e+02
3.433108879279974985e+02
2.177326140848316811e+02
1.256963559594271800e+02
6.605187933671081169e+01
3.159446177382986320e+01
1.375624920510847282e+01
5.451956715461558467e+00
1.966835573099602552e+00
6.458728083134011033e-01
1.930586380418666259e-01
5.252847181461230835e-02
1.300958926653240227e-02
2.932889464593572970e-03
6.018539241805303478e-04
1.124216068825001862e-04
1.911488860604528334e-05
2.958401032285929795e-06
4.167787906885121161e-07
5.344627795798109453e-08
6.238678602813986322e-09
6.628740998857001532e-10
6.411103365697719677e-11
5.644140272278565261e-12
4.522995015642376310e-13
3.299268880133205347e-14
2.190648018469457368e-15
1.324008540269335758e-16
7.284038972528484563e-18
3.647682470010333938e-19
1.662742824340201445e-20
6.899163377035022615e-22
2.605739927022898317e-23
8.958370018450191980e-25
2.803433228906860418e-26
7.985731934384298947e-28
2.070630131933927975e-29
4.887126971270456554e-31
1.049948521425017583e-32
2.053268200028046777e-34
3.654993818505757869e-36
5.922306821550460961e-38
8.734910331726233582e-40
1.172706384760593688e-41
1.433122845522549542e-43
1.594192786402242320e-45
1.614215640864191288e-47
1.487803422585131962e-49
1.248224914296634638e-51
9.532425747153310609e-54
6.626394780088018609e-56
4.192899688454262749e-58
2.414987735426096774e-60
1.266131103149939576e-62
6.042347755088328034e-65
2.624798967599103063e-67
1.037886032644824453e-69
3.735653438313226875e-72
1.223902387973661237e-74
3.649978244743546045e-77
9.908252387797841890e-80
2.448314114431100864e-82
5.506815204952947602e-85
1.127449661201872442e-87
2.101150248567074891e-90
3.564350045642123894e-93
5.503853669226745441e-96
7.736004258831567114e-99
9.897598043346939920e-102
1.152673252875266006e-104
1.221928825275985191e-107
1.179095264300349730e-110
1.035655154882094033e-113
8.280274573927691553e-117
6.026117510234988719e-120
3.992029529746801444e-123
2.407205600142091066e-126
1.321283208881652166e-129
6.601489513280597118e-133
3.002280396168894970e-136
1.242864702469889613e-139
4.683383794050434121e-143
1.606419378309875614e-146
5.015582875946525084e-150
1.425434213032011325e-153
3.687535728589203101e-157
8.683375588378931405e-161
1.861247925157359979e-164
3.631475829525702188e-168
6.449490095710194733e-172
1.042631623992801094e-175
1.534262596154145858e-179
2.055094479263506478e-183
2.505689070286633698e-187
2.780903096009415490e-191
2.809362774759532944e-195
2.583408489611776272e-199
2.162427881053126841e-203
1.647606410523925026e-207
1.142690468381338290e-211
7.213848668119192036e-216
4.145421935046004956e-220
2.168371775519642430e-224
1.032433388958495533e-228
4.474593914876019086e-233
1.765259287531964082e-237
6.339086434634850303e-242
2.072087700405344127e-246
6.165281106931022068e-251
1.669786418545536229e-255
4.116539210874054723e-260
9.237764353931458348e-265
1.886969122872215259e-269
3.508536498363731240e-274
5.938140850844667643e-279
9.148255419906207894e-284
1.282889821705013775e-288
1.637584535155404229e-293
1.902748499374184450e-298
2.012437209916594223e-303
1.937432499275411824e-308
1.697829668171919582e-313
1.354431561509193276e-318
0.000000000000000000e+00
0.000000000000000000e+00
0.000000000000000000e+00
0.000000000000000000e+00
0.000000000000000000e+00
0.000000000000000000e+00
0.000000000000000000e+00
0.000000000000000000e+00
0.000000000000000000e+00
0.000000000000000000e+00
0.000000000000000000e+00
0.000000000000000000e+00
0.000000000000000000e+00
