1.890075699977996493e+01
1.376732024317036007e+01
4.676280856234808425e+01
2.878815792138366447e+01
6.933514906259824251e+00
2.284605805916118726e+01
1.428536420695171927e+01
1.313360567444055249e+01
2.535161289770947590e+01
1.543378853812403051e+01
1.383731760875324213e+01
1.923988705870559102e+01
3.212495911665052262e+01
2.000492990523419934e+01
1.820157268978478271e+01
1.392915745321123389e+01
1.707673623576482314e+01
1.963635114264897297e+01
7.933084217920637116e+00
2.578951163846168981e+01
1.082321582555143813e+01
1.407711005451584541e+01
1.201119406871095485e+01
2.497196943515538692e+01
9.474410059961511976e+00
1.156621028866548784e+01
2.378724917309085995e+01
1.382418466142680202e+01
1.838936651435109226e+01
1.506839634965569807e+01
1.393538896080055167e+01
1.499740060483155801e+01
1.300278277599773169e+01
