3.060957977517761996e+00
3.650258645621060616e+00
4.332484354689027484e+00
5.117966771175032292e+00
6.017346419704598937e+00
7.041410464293007543e+00
8.200897843513349272e+00
9.506272004887781790e+00
1.096746268133097679e+01
1.259357949446908975e+01
1.439260161891065515e+01
1.637104924934777017e+01
1.853364411932725986e+01
2.088296775822608708e+01
2.341912746632898035e+01
2.613944105845105526e+01
2.903815219617163024e+01
3.210618852410397039e+01
3.533097478273541014e+01
3.869631253927806114e+01
4.218233712713745831e+01
4.576556080468957077e+01
4.941900905081909201e+01
5.311245435071715804e+01
5.681274886048708339e+01
6.048425406878010335e+01
6.408936211661212212e+01
6.758909992983279835e+01
7.094380391221478988e+01
7.411384979609390200e+01
7.706041950487909276e+01
7.974628468986389862e+01
8.213658508614666687e+01
8.419957908637204014e+01
8.590734402104838807e+01
8.723640458758313798e+01
8.816826967389287972e+01
8.868986042260985414e+01
8.879381568550795123e+01
8.847866489659563172e+01
8.774886268901362030e+01
8.661468411670186640e+01
8.509198392573821934e+01
8.320182775879642634e+01
8.097000728330411334e+01
7.842645484059084993e+01
7.560457617606778058e+01
7.254052201818268486e+01
6.927242065292332995e+01
6.583959415765257006e+01
6.228178062054990249e+01
5.863838352644967244e+01
5.494776761820596533e+01
5.124661805625279953e+01
4.756937673177353076e+01
4.394776628955579412e+01
4.041040894033401543e+01
3.698254364267962302e+01
3.368584185551404886e+01
3.053831893254099583e+01
2.755433545681330543e+01
2.474468048008541743e+01
2.211672679364518146e+01
1.967464704391232289e+01
1.741967872003164786e+01
1.535042576102513756e+01
1.346318471543967021e+01
1.175228397924652768e+01
1.021042556871957707e+01
8.829020077826813306e+00
7.598506845507190910e+00
6.508652839868531714e+00
5.548825281760668027e+00
4.708234515232019746e+00
3.976145032911275301e+00
3.342053837411965933e+00
2.795836434163501583e+00
2.327861686823566867e+00
1.929077514536795768e+00
1.591069971185726128e+00
1.306098628843115117e+00
1.067111405599475038e+00
8.677420511023038463e-01
7.022934536995922850e-01
5.657097845787316670e-01
4.535402702951965015e-01
3.618971080663365703e-01
2.874097286991262878e-01
2.271772880334672340e-01
1.787209444429290750e-01
1.399371693541457129e-01
1.090530490615415349e-01
8.458427567176091122e-02
6.529629665229708113e-02
5.016889786726617256e-02
3.836433407685188590e-02
2.919899219184688560e-02
2.211847364017728232e-02
1.667590987951632006e-02
1.251327586748875002e-02
9.345436540239889650e-03
6.946647480212651132e-03
5.139229615984878922e-03
3.784145943695356711e-03
2.773223215005489548e-03
2.022781022930035012e-03
1.468452855235216929e-03
1.061006976281451703e-03
7.629982903986677611e-04
5.461047879690698230e-04
3.890231960921782537e-04
2.758176823587852309e-04
1.946326994552209319e-04
1.366962502109329803e-04
9.555303603267556640e-05
6.647823398159399735e-05
4.603218085889475069e-05
3.172420312882697413e-05
2.176040564948444325e-05
1.485560509574726355e-05
1.009394186455667033e-05
6.826189588782539749e-06
4.594550052431081002e-06
3.077901533052066852e-06
2.052171022167423831e-06
1.361819265120459025e-06
8.994406064809215249e-07
5.912519706802159523e-07
3.868296956269290361e-07
2.518918434406606615e-07
1.632508673812613660e-07
1.053037856081299138e-07
6.760511637451473035e-08
4.319786066504457256e-08
2.747210943718069111e-08
1.738877029048959907e-08
1.095450673943560847e-08
6.868531231535721976e-09
4.286294646208403345e-09
2.662240341889519125e-09
1.645733814347518070e-09
1.012555924010620033e-09
6.200483257649712825e-10
3.779019678584766419e-10
2.292344375804252836e-10
1.383973147684767374e-10
8.316154707915395475e-11
4.973527804226923521e-11
2.960422077273200414e-11
1.753839359971352572e-11
1.034125112080870252e-11
6.068808734493664515e-12
3.544711631928486094e-12
2.060655840485005082e-12
1.192276852055293249e-12
6.865874394909039191e-13
3.935153611135341936e-13
2.244784318348186589e-13
1.274484751006463885e-13
7.201811688291895281e-14
4.050381894419118773e-14
2.267238870699524167e-14
1.263123102318134169e-14
7.003919921904335113e-15
3.865304920572622118e-15
2.123114621086556359e-15
1.160673894878566769e-15
6.315301457159548757e-16
3.419991680866451269e-16
1.843330067156476621e-16
9.888450832198541467e-17
5.279593722675654191e-17
2.805561822696193004e-17
1.483837274317521317e-17
7.810877086599497954e-18
4.092233675899896779e-18
2.133870896346343472e-18
1.107446995725280765e-18
5.720379643053381237e-19
2.940856608894222460e-19
1.504769363756897462e-19
7.663252325786100534e-20
3.884216284511070792e-20
1.959479740959746224e-20
9.838417418822636220e-21
4.916508626679928103e-21
2.445318651419277079e-21
1.210490008972880479e-21
5.963950800191773422e-22
2.924515913299816213e-22
1.427318909904703543e-22
6.933222605056350840e-23
3.351940979316653819e-23
1.612889726616843300e-23
7.724316887917984189e-24
3.681820257277004649e-24
1.746675294208736380e-24
8.247244423812529100e-25
3.875722270137827077e-25
1.812773420962910687e-25
8.438815566743262746e-26
3.909908190363068541e-26
1.803012418886182688e-26
8.275189930851235437e-27
3.780108945650348070e-27
1.718611671981783650e-27
7.776752745981366601e-28
3.502401412888874565e-28
1.569931276279291810e-28
7.003940656859184388e-29
3.109935399537695925e-29
1.374381725456293988e-29
6.045197164141100835e-30
2.646431528763262146e-30
1.153076039970795991e-30
5.000372152308943177e-31
2.158210503337340898e-31
9.271123571300700880e-32
3.963857483818285721e-32
1.686750266028511752e-32
7.143822201441887531e-33
3.011324661516487157e-33
1.263373079644493180e-33
5.275367874203714714e-34
2.192405969539617657e-34
9.068517502350259620e-35
3.733350020270746938e-35
1.529706868388149823e-35
6.238279344910153767e-36
2.532028056826134239e-36
1.022867319454774265e-36
4.112606774513615156e-37
1.645743558681262817e-37
6.554721370464867125e-38
2.598324573557961090e-38
1.025131691996470600e-38
4.025436806371767398e-39
1.573234495742770500e-39
6.119571334994245799e-40
2.369166793154708705e-40
9.128877218904127318e-41
3.500952263466547289e-41
1.336294269922789950e-41
5.076508494002468453e-42
1.919443010618428078e-42
7.223246256298283434e-43
2.705432570162660629e-43
1.008528327156218258e-43
3.741851792096525641e-44
1.381758537799847855e-44
5.078375683292671539e-45
1.857652978918950433e-45
6.763187769093261250e-46
2.450673168065896964e-46
8.838253227030682031e-47
3.172448488613026902e-47
1.133365038899474711e-47
4.029880224948628400e-48
1.426138022724149982e-48
5.023172279865286306e-49
1.760928335783554323e-49
6.144016656082739757e-50
2.133586136712248334e-50
7.374202699913207793e-51
2.536688006473163912e-51
8.684926229887799818e-52
2.959458853467473654e-52
1.003703809392005882e-52
3.388019744942928373e-53
1.138238803229297239e-53
3.805992560515317453e-54
1.266629437546857454e-54
4.195447716354618977e-55
1.383101789913886175e-55
4.538131408573516257e-56
1.481996184083788586e-56
4.816861923929744924e-57
1.558218668989174043e-57
5.016949196569015615e-58
1.607674403066619318e-58
5.127475394241931296e-59
1.627631801620904824e-59
5.142281444755644159e-60
1.616972419612933119e-60
5.060535502308857108e-61
1.576294766671335924e-61
4.886810353659944412e-62
1.507858647377511667e-62
4.630659742766245974e-63
1.415377228460412393e-63
4.305748228970368924e-64
1.303683452511312801e-64
3.928644834305426419e-65
1.178312481355662894e-65
3.517428526340956840e-66
1.045050262682093471e-66
3.090268180211371190e-67
9.094990617551072114e-68
2.664130132580458482e-68
7.767042970794418119e-69
2.253736171938814743e-69
6.508749184075619920e-70
1.870850530326737042e-70
5.352143393955600197e-71
1.523924613423106476e-71
4.318633214544351284e-72
1.218081231682479304e-72
3.419426527436676260e-73
9.553827498536218700e-74
2.656737270753047882e-74
7.353039776263920291e-75
2.025500320029436891e-75
5.553219128484878054e-76
1.515320154955497944e-76
4.115390800990452923e-77
1.112409935700627843e-77
2.992717546042890687e-78
8.013342299155910730e-79
2.135545127230740032e-79
5.664360762527906010e-80
1.495340693935043889e-80
3.928949916875745179e-81
1.027448180267773541e-81
2.674178887510745331e-82
6.927365113913515162e-83
1.786046635491431200e-83
4.583155631247986954e-84
1.170532588434043890e-84
2.975428424572880751e-85
7.527705146378540635e-86
1.895495623610830246e-86
4.750398752996622103e-87
1.184907478214664768e-87
2.941615522291606578e-88
7.268327214007953821e-89
1.787434461089590177e-89
4.374947811921506134e-90
1.065768109160321144e-90
2.584042538493665865e-91
6.235678141023224018e-92
1.497665469037973737e-92
3.580082514414035943e-93
8.517621755083598592e-94
2.016929685856021522e-94
4.753464555277048354e-95
1.115005104627435114e-95
2.603098160989840072e-96
6.048550751628111365e-97
1.398811540538217917e-97
3.219690886534806261e-98
7.375920785044101732e-99
1.681765362118285235e-99
3.816468278291680379e-100
8.619955115786324539e-101
1.937739739366199415e-101
4.335438014631251489e-102
9.654229324109598562e-103
2.139682497015014971e-103
4.719849508003990207e-104
1.036224992427913883e-104
2.264264032812729987e-105
4.924330204911716877e-106
1.065894841485752708e-106
2.296300115005353149e-107
4.923682371799642998e-108
1.050747834896658849e-108
2.231793831376392043e-109
4.717986956697722967e-110
9.926736477034456068e-111
2.078755177340458382e-111
4.332586965569160476e-112
8.987488086973742891e-113
1.855566232304181569e-113
3.812955066989530982e-114
7.798193516738711591e-115
1.587352656132928319e-115
3.215880718462377955e-116
6.484455802662400986e-117
1.301350343889805188e-117
2.599333606823851112e-118
5.167457416775665328e-119
1.022442479904065840e-119
2.013482955518359688e-120
3.946427457566739696e-121
7.698522521124351035e-122
1.494712749817735866e-122
2.888385708461532855e-123
5.555200392677363824e-124
1.063387047735900808e-124
2.025956408120679578e-125
3.841633419974351855e-126
7.250180837707100368e-127
1.361848670983989354e-127
2.545985685334470229e-128
4.737292030978416414e-129
8.773067116009085340e-130
1.617036563096428645e-130
2.966438315514019110e-131
5.416239972867677449e-132
9.842548602958244613e-133
1.780181699031005157e-133
3.204558395219005603e-134
5.741417673734316801e-135
1.023804862148214014e-135
1.817030961449351857e-136
3.209626975267127853e-137
5.642790014664875686e-138
9.873708714581250682e-139
1.719546112374342980e-139
2.980536442870479271e-140
5.141882403230594302e-141
8.828703615573322745e-142
1.508755370986155824e-142
2.566184129086036699e-143
4.344140812828333973e-144
7.319258195865122332e-145
1.227375175563508618e-145
2.048494001551684204e-146
3.402821373316636002e-147
5.625883068817593333e-148
9.257406719418374630e-149
1.516125254445263682e-149
2.471313907530735912e-150
4.009293394125492502e-151
6.473734103998119015e-152
1.040372755747452657e-152
1.664064584951543262e-153
2.649100770919614731e-154
4.197337332619828752e-155
6.619060689870666827e-156
1.038881341035026904e-156
1.622865856071249427e-157
2.523169312736344360e-158
3.904426564827037131e-159
6.013332493405374255e-160
9.217651209816557781e-161
1.406281998447910948e-161
2.135362729256422964e-162
3.227141386529793967e-163
4.854130207665392874e-164
7.266946190531920804e-165
1.082778343790576882e-165
1.605736471237746896e-166
2.370042185201950157e-167
3.481648910957777937e-168
5.090506159840325314e-169
7.407711393902631805e-170
1.072887620570275108e-170
1.546576862583228166e-171
2.218890532141685250e-172
3.168453511550365295e-173
4.503040943253497573e-174
6.369590991723548261e-175
8.967353499465120584e-176
1.256504732106456601e-176
1.752310489591098779e-177
2.432232497595173154e-178
3.360053612749501723e-179
4.619919636957950555e-180
6.322221817869551298e-181
8.610971091125208825e-182
1.167297693037448906e-182
1.574918981068940067e-183
2.114861353710564419e-184
2.826524010577453379e-185
3.759850276152568096e-186
4.977777917430792066e-187
6.559150207440960860e-188
8.602144434843345026e-189
1.122827338027889388e-189
1.458701131334185770e-190
1.886108861256192701e-191
2.427248744446216303e-192
3.108915432711536131e-193
3.963242316258583926e-194
5.028511386283399672e-195
6.350023658721632381e-196
7.981018965993988468e-197
9.983629055698694166e-198
1.242984244437341251e-198
1.540245345717939416e-199
1.899596149019272668e-200
2.331737996822281604e-201
2.848690800632432785e-202
3.463841174572212321e-203
4.191965710918615983e-204
5.049223173860364221e-205
6.053109160289287487e-206
7.222366767577127441e-207
8.576847064872924401e-208
1.013731372936321766e-208
1.192518711789582293e-209
1.396222432263873488e-210
1.627013341797794508e-211
1.887012213839231412e-212
2.178238360709146801e-213
2.502552441387695597e-214
2.861594324546460369e-215
3.256717130705612453e-216
3.688918882241485744e-217
