1.910263458780235781e-23
6.337642913118365733e-21
1.563871035917685499e-18
2.870204095074272171e-16
3.917989756237143849e-14
3.977887399731836608e-12
3.003864566254548928e-10
1.687123533103613081e-08
7.047775986678236030e-07
2.189757249705351455e-05
5.060326360061490145e-04
8.697606479769368418e-03
1.111884444557750817e-01
1.057202612201444625e+00
7.476450695226490417e+00
3.932524098624595865e+01
1.538459205155101586e+02
4.476506811532402708e+02
9.687934359766136367e+02
1.559415327193423309e+03
1.866943102087886473e+03
1.662413431822604934e+03
1.100995817082180338e+03
5.423391695351813269e+02
1.986986642053451533e+02
5.414490501380321064e+01
1.097384742846034023e+01
1.654241502491592186e+00
1.854716689814881470e-01
1.546660237502343188e-02
9.592922460145748582e-04
4.425329578687637423e-05
1.518374774435419103e-06
3.874815357696597126e-08
7.354645051727925195e-10
1.038271889799285895e-11
1.090182352067461755e-13
8.513847593947273136e-16
4.945284356801499599e-18
2.136462818330237486e-20
6.864961123835161211e-23
1.640663431546193931e-25
2.916349621244712784e-28
3.855656621632437879e-31
3.791366639822241328e-34
2.772885216757342175e-37
1.508365787729550910e-40
6.102673385993496423e-44
1.836421015525885337e-47
4.110200936832913809e-51
6.842148987430540784e-55
8.471506969005051844e-59
7.801309198760126278e-63
5.343342132918469497e-67
2.722056576185305719e-71
1.031383038774014870e-75
2.906574744956782386e-80
6.092305587130149501e-85
9.497745666125704895e-90
1.101280793633555732e-94
9.497608587664405403e-100
6.092129731115274971e-105
2.906448897289535437e-110
1.031323497343909836e-115
2.721860148226462010e-121
5.342879435313935226e-127
7.800521073195608659e-133
8.470528882178885220e-139
6.841260280326456987e-145
4.109607760881268192e-151
1.836129486174247116e-157
6.101616530554338771e-164
1.508082804234975843e-170
2.772324984806258279e-177
3.790545925796781182e-184
3.854766355176411594e-191
2.915634158452833997e-198
1.640237257092042372e-205
6.863078844997851455e-213
2.135846202773840584e-220
4.943785719383303322e-228
8.511144684931609137e-236
1.089820520274709709e-243
1.037912306970653726e-251
7.351991819894540791e-260
3.873361591054355809e-268
1.517783199248898652e-276
4.423541577828070551e-285
9.588908159737821503e-294
1.545990701431821303e-302
1.853887041983079244e-311
1.847805515446262075e-320
0.000000000000000000e+00
0.000000000000000000e+00
0.000000000000000000e+00
0.000000000000000000e+00
0.000000000000000000e+00
0.000000000000000000e+00
0.000000000000000000e+00
0.000000000000000000e+00
0.000000000000000000e+00
0.000000000000000000e+00
0.000000000000000000e+00
0.000000000000000000e+00
0.000000000000000000e+00
0.000000000000000000e+00
0.000000000000000000e+00
0.000000000000000000e+00
0.000000000000000000e+00
0.000000000000000000e+00
0.000000000000000000e+00
0.000000000000000000e+00
0.000000000000000000e+00
0.000000000000000000e+00
0.000000000000000000e+00
0.000000000000000000e+00
0.000000000000000000e+00
0.000000000000000000e+00
0.000000000000000000e+00
0.000000000000000000e+00
0.000000000000000000e+00
0.000000000000000000e+00
0.000000000000000000e+00
0.000000000000000000e+00
0.000000000000000000e+00
0.000000000000000000e+00
0.000000000000000000e+00
0.000000000000000000e+00
0.000000000000000000e+00
0.000000000000000000e+00
0.000000000000000000e+00
0.000000000000000000e+00
0.000000000000000000e+00
0.000000000000000000e+00
0.000000000000000000e+00
0.000000000000000000e+00
0.000000000000000000e+00
0.000000000000000000e+00
0.000000000000000000e+00
0.000000000000000000e+00
0.000000000000000000e+00
0.000000000000000000e+00
0.000000000000000000e+00
0.000000000000000000e+00
0.000000000000000000e+00
0.000000000000000000e+00
0.000000000000000000e+00
0.000000000000000000e+00
0.000000000000000000e+00
0.000000000000000000e+00
0.000000000000000000e+00
0.000000000000000000e+00
0.000000000000000000e+00
0.000000000000000000e+00
0.000000000000000000e+00
0.000000000000000000e+00
0.000000000000000000e+00
0.000000000000000000e+00
0.000000000000000000e+00
0.000000000000000000e+00
0.000000000000000000e+00
0.000000000000000000e+00
0.000000000000000000e+00
0.000000000000000000e+00
0.000000000000000000e+00
0.000000000000000000e+00
0.000000000000000000e+00
0.000000000000000000e+00
0.000000000000000000e+00
0.000000000000000000e+00
0.000000000000000000e+00
0.000000000000000000e+00
0.000000000000000000e+00
0.000000000000000000e+00
0.000000000000000000e+00
0.000000000000000000e+00
0.000000000000000000e+00
0.000000000000000000e+00
0.000000000000000000e+00
0.000000000000000000e+00
0.000000000000000000e+00
0.000000000000000000e+00
0.000000000000000000e+00
0.000000000000000000e+00
0.000000000000000000e+00
0.000000000000000000e+00
0.000000000000000000e+00
0.000000000000000000e+00
0.000000000000000000e+00
0.000000000000000000e+00
0.000000000000000000e+00
0.000000000000000000e+00
0.000000000000000000e+00
0.000000000000000000e+00
0.000000000000000000e+00
0.000000000000000000e+00
0.000000000000000000e+00
0.000000000000000000e+00
0.000000000000000000e+00
0.000000000000000000e+00
