1.662968250175711730e-08
1.870829434510395256e-08
2.104005101051520086e-08
2.365493397516705320e-08
2.658637031222288185e-08
2.987161591818070796e-08
3.355217985861672079e-08
3.767429407139393697e-08
4.228943308420784472e-08
4.745488886019474850e-08
5.323440638476396436e-08
5.969888615247831255e-08
6.692716030877282363e-08
7.500684985189646428e-08
8.403531101038058825e-08
9.412067968566987510e-08
1.053830236937284298e-07
1.179556134593904629e-07
1.319863228192906908e-07
1.476391726802224390e-07
1.650960314671142568e-07
1.845584875864054592e-07
2.062499105349399802e-07
2.304177188107256494e-07
2.573358744399664508e-07
2.873076257349659459e-07
3.206685218514708247e-07
3.577897248336281556e-07
3.990816471330270965e-07
4.449979450794341520e-07
4.960399014791701365e-07
5.527612334393742080e-07
6.157733646785112305e-07
6.857512050050685259e-07
7.634394833451599336e-07
8.496596846981318257e-07
9.453176457177403865e-07
1.051411868279812744e-06
1.169042615429786477e-06
1.299421859531838003e-06
1.443884158294317034e-06
1.603898540653158335e-06
1.781081491288412250e-06
1.977211129862652156e-06
2.194242688939822809e-06
2.434325403006574314e-06
2.699820930116820961e-06
2.993323437455126889e-06
3.317681492612217844e-06
3.676021913632313710e-06
4.071775742979948525e-06
4.508706523531986426e-06
4.990941068590523675e-06
5.523002932785964775e-06
6.109848806666621438e-06
6.756908074807090170e-06
7.470125795491209159e-06
8.256009379498237968e-06
9.121679266325353206e-06
1.007492391838930358e-05
1.112425947745175974e-05
1.227899445278556406e-05
1.354929983754253070e-05
1.494628507847894104e-05
1.648208035475109441e-05
1.816992565400345460e-05
2.002426716854557751e-05
2.206086157116120183e-05
2.429688876912076791e-05
2.675107377640329286e-05
2.944381838809324419e-05
3.239734338751968750e-05
3.563584206609651193e-05
3.918564588811976720e-05
4.307540318812525101e-05
4.733627184694791541e-05
5.200212695449901154e-05
5.710978453263388998e-05
6.269924246046570341e-05
6.881393981726050685e-05
7.550103593476702418e-05
8.281171053164772321e-05
9.080148638776312786e-05
9.953057610556759302e-05
1.090642545999581116e-04
1.194732590567695386e-04
1.308342182038628031e-04
1.432301128475845441e-04
1.567507697414543481e-04
1.714933909734194038e-04
1.875631211830338155e-04
2.050736550506831362e-04
2.241478876375793856e-04
2.449186102978611864e-04
2.675292550329075184e-04
2.921346903130251586e-04
3.189020715530592985e-04
3.480117495965064610e-04
3.796582407372069189e-04
4.140512619889873862e-04
4.514168355016963678e-04
4.919984662169009154e-04
5.360583970583212904e-04
5.838789461607544768e-04
6.357639308567381714e-04
6.920401833627470725e-04
7.530591633359722849e-04
8.191986727087605894e-04
8.908646784506066762e-04
9.684932491568012686e-04
1.052552611618497603e-03
1.143545333790790082e-03
1.242010640843173004e-03
1.348526871250128748e-03
1.463714080158306065e-03
1.588236797550718641e-03
1.722806949016219029e-03
1.868186947225419173e-03
2.025192962509795268e-03
2.194698381239695330e-03
2.377637460998548950e-03
2.575009191853302407e-03
2.787881373324935502e-03
3.017394916967345003e-03
3.264768384765423873e-03
3.531302773865029835e-03
3.818386558446033342e-03
4.127500999844035783e-03
4.460225736316075773e-03
4.818244664128779921e-03
5.203352121922481290e-03
5.617459390571097159e-03
6.062601521013087635e-03
6.540944502771170108e-03
7.054792786108054353e-03
7.606597170978150572e-03
8.198963076130159552e-03
8.834659201891166894e-03
9.516626600316867648e-03
1.024798816652085394e-02
1.103205856510084716e-02
1.187235460565349600e-02
1.277260608141262375e-02
1.373676708505737476e-02
1.476902781570950916e-02
1.587382689107373276e-02
1.705586417857041237e-02
1.832011415915668628e-02
1.967183983733532260e-02
2.111660721060147974e-02
2.266030031127537828e-02
2.430913683331075228e-02
2.606968435625173219e-02
2.794887717802908150e-02
2.995403376774075782e-02
3.209287484894834258e-02
3.437354212332992959e-02
3.680461764376960487e-02
3.939514384512319417e-02
4.215464423997240806e-02
4.509314478567740675e-02
4.822119592793697868e-02
5.154989532488335469e-02
5.509091125445479686e-02
5.885650670641461718e-02
6.285956415891104376e-02
6.711361103789122151e-02
7.163284585600483700e-02
7.643216502584637695e-02
8.152719034048563906e-02
8.693429711223658873e-02
9.267064295849337940e-02
9.875419722123988941e-02
1.052037710044893964e-01
1.120390478114602489e-01
1.192806147607243100e-01
1.269499943578709378e-01
1.350696767964404965e-01
1.436631527589667667e-01
1.527549466859348948e-01
1.623706504773405890e-01
1.725369575882860218e-01
1.832816974766999785e-01
1.946338703578223694e-01
2.066236822165422593e-01
2.192825800250420287e-01
2.326432871094547550e-01
2.467398386054377446e-01
2.616076169386680750e-01
2.772833872622915141e-01
2.938053327793336833e-01
3.112130898740007590e-01
3.295477829716425555e-01
3.488520590430060353e-01
3.691701216641784522e-01
3.905477645394261899e-01
4.130324043898893627e-01
4.366731131068801175e-01
4.615206490643459780e-01
4.876274874808590454e-01
5.150478497173922587e-01
5.438377313930818913e-01
5.740549291971678292e-01
6.057590662714199548e-01
6.390116160335836959e-01
6.738759243086889228e-01
7.104172296315645063e-01
7.487026815805482016e-01
7.888013569991968454e-01
8.307842739598166881e-01
8.747244033198902091e-01
9.206966777199633301e-01
9.687779978692575567e-01
1.019047235963332687e+00
1.071585236076444625e+00
1.126474811369832851e+00
1.183800737956212545e+00
1.243649745260077211e+00
1.306110502713108801e+00
1.371273602624168753e+00
1.439231539063874799e+00
1.510078682604777178e+00
1.583911250759605815e+00
1.660827273961977602e+00
1.740926556936471803e+00
1.824310635307852868e+00
1.911082727302761963e+00
2.001347680401267759e+00
2.095211912800238441e+00
2.192783349555694983e+00
2.294171353277077774e+00
2.399486649252843495e+00
2.508841244893628364e+00
2.622348343386985192e+00
2.740122251465904490e+00
2.862278281202132124e+00
2.988932645744919903e+00
3.120202348935952941e+00
3.256205068741945929e+00
3.397059034457832638e+00
3.542882897645588169e+00
3.693795596786233926e+00
3.849916215635979633e+00
4.011363835291332336e+00
4.178257379982291297e+00
4.350715456628027056e+00
4.528856188204645861e+00
4.712797040991222985e+00
4.902654645776259201e+00
5.098544613124439628e+00
5.300581342820449571e+00
5.508877827625034307e+00
5.723545451496309333e+00
5.944693782448284836e+00
6.172430360237378011e+00
6.406860479086716964e+00
6.648086965677517668e+00
6.896209952656402464e+00
7.151326647926901536e+00
7.413531100013257102e+00
7.682913959804406723e+00
7.959562239005258277e+00
8.243559065642246608e+00
8.534983436989328709e+00
8.833909970299455239e+00
9.140408651745616453e+00
9.454544583993873985e+00
9.776377732848510860e+00
1.010596267342719834e+01
1.044334833634050952e+01
1.078857775436707556e+01
1.114168781013009379e+01
1.150270898529681318e+01
1.187166511183551876e+01
1.224857312587817404e+01
1.263344282474832880e+01
1.302627662772511918e+01
1.342706934112412043e+01
1.383580792828392347e+01
1.425247128505509586e+01
1.467703002139422175e+01
1.510944624967001459e+01
1.554967338029225843e+01
1.599765592527602109e+01
1.645332931035352786e+01
1.691661969624517425e+01
1.738744380969827930e+01
1.786570878489715497e+01
1.835131201584233906e+01
1.884414102028897986e+01
1.934407331582406186e+01
1.985097630865146456e+01
2.036470719563984488e+01
2.088511288017454604e+01
2.141202990233635717e+01
2.194528438391309777e+01
2.248469198872824748e+01
2.303005789874986320e+01
2.358117680641820613e+01
2.413783292360567501e+01
2.469980000759537120e+01
2.526684140443506266e+01
2.583871010999379081e+01
2.641514884901504701e+01
2.699589017242845657e+01
2.758065657314569208e+01
2.816916062052993297e+01
2.876110511369180500e+01
2.935618325372439585e+01
2.995407883495036927e+01
3.055446645521385918e+01
3.115701174520695815e+01
3.176137161677762677e+01
3.236719453012347003e+01
3.297412077973049804e+01
3.358178279887106044e+01
3.418980548243175832e+01
3.479780652779432160e+01
3.540539679344895063e+01
3.601218067497316611e+01
3.661775649796334164e+01
3.722171692746216110e+01
3.782364939337940513e+01
3.842313653135909846e+01
3.901975663850351594e+01
3.961308414332062711e+01
4.020269008921953713e+01
4.078814263083889813e+01
4.136900754245228740e+01
4.194484873765627242e+01
4.251522879951118483e+01
4.307970952026807510e+01
4.363785244978186739e+01
4.418921945167976162e+01
4.473337326632348976e+01
4.526987807957585375e+01
4.579830009635752219e+01
4.631820811795584092e+01
4.682917412202620966e+01
4.733077384420933242e+01
4.782258736026987833e+01
4.830419966765033735e+01
4.877520126532204614e+01
4.923518873080756464e+01
4.968376529324390845e+01
5.012054140135321489e+01
5.054513528518776866e+01
5.095717351052044819e+01
5.135629152475724624e+01
5.174213419325766949e+01
5.211435632496163350e+01
5.247262318623575794e+01
5.281661100186995128e+01
5.314600744217644035e+01
5.346051209516641478e+01
5.375983692280575355e+01
5.404370670038090196e+01
5.431185943803712490e+01
5.456404678358561000e+01
5.480003440571309170e+01
5.501960235676633459e+01
5.522254541432531028e+01
5.540867340082304082e+01
5.557781148051473963e+01
5.572980043314778698e+01
5.586449690373250831e+01
5.598177362786536548e+01
5.608151963210890756e+01
5.616364040898680088e+01
5.622805806620748825e+01
5.627471144978688500e+01
5.630355624079757604e+01
5.631456502553012911e+01
5.630772733891127046e+01
5.628304968108247408e+01
5.624055550710230023e+01
5.618028518979524932e+01
5.610229595582955398e+01
5.600666179516563403e+01
5.589347334407560908e+01
5.576283774199298193e+01
5.561487846250888367e+01
5.544973511888802875e+01
5.526756324453327096e+01
5.506853404888196479e+01
5.485283414927037882e+01
5.462066527935405702e+01
5.437224397472172654e+01
5.410780123638853922e+01
5.382758217290073333e+01
5.353184562182757844e+01
5.322086375145859449e+01
5.289492164356407500e+01
5.255431685811344522e+01
5.219935898088154858e+01
5.183036915490508534e+01
5.144767959678068792e+01
5.105163309882352962e+01
5.064258251812967160e+01
5.022089025360600800e+01
4.978692771205102474e+01
4.934107476438517637e+01
4.888371919314169389e+01
4.841525613233954317e+01
4.793608750086671222e+01
4.744662143050580738e+01
4.694727168973547293e+01
4.643845710443967789e+01
4.592060097665147822e+01
4.539413050245120473e+01
4.485947619012926424e+01
4.431707127970955185e+01
4.376735116491598632e+01
4.321075281864494855e+01
4.264771422298706938e+01
4.207867380481901165e+01
4.150406987795989266e+01
4.092434009286063201e+01
4.033992089476521414e+01
3.975124699125041161e+01
3.915875083001851209e+01
3.856286208778254121e+01
3.796400717104590683e+01
3.736260872954152745e+01
3.675908518305599415e+01
3.615385026232273447e+01
3.554731256462756050e+01
3.493987512472713775e+01
3.433193500163664424e+01
3.372388288179963922e+01
3.311610269910836735e+01
3.250897127219692351e+01
3.190285795938478941e+01
3.129812433160344654e+01
3.069512386359115652e+01
3.009420164359831418e+01
2.949569410179799434e+01
2.889992875755319091e+01
2.830722398564755693e+01
2.771788880154196733e+01
2.713222266567697361e+01
2.655051530679921967e+01
2.597304656424743641e+01
2.540008624909439661e+01
2.483189402400219592e+01
2.426871930160899637e+01
2.371080116123000181e+01
2.315836828361980793e+01
2.261163890350863426e+01
2.207082077959326938e+01
2.153611118163300020e+01
2.100769689427018960e+01
2.048575423716879840e+01
1.997044910103806714e+01
1.946193699908331354e+01
1.896036313340452395e+01
1.846586247584224694e+01
1.797855986275065732e+01
1.749857010316195272e+01
1.702599809978913470e+01
1.656093898230187733e+01
1.610347825229808905e+01
1.565369193938302850e+01
1.521164676776021807e+01
1.477740033273188835e+01
1.435100128650078410e+01
1.393248953266282619e+01
1.352189642877846509e+01
1.311924499640951858e+01
1.272455013801077861e+01
1.233781886006837958e+01
1.195905050188063257e+01
1.158823696938359227e+01
1.122536297343044964e+01
1.087040627194175535e+01
1.052333791535344254e+01
1.018412249480045517e+01
9.852718392484723253e+00
9.529078033689701854e+00
9.213148139917295865e+00
8.904869982636817838e+00
8.604179637152050475e+00
8.311008236107538139e+00
8.025282222172458901e+00
7.746923599457960385e+00
7.475850183240922320e+00
7.211975847586069577e+00
6.955210770477001425e+00
6.705461676085107570e+00
6.462632073825255397e+00
6.226622493866448060e+00
5.997330718784798620e+00
5.774652011066381263e+00
5.558479336187029496e+00
5.348703581015475272e+00
5.145213767306207941e+00
4.947897260067700032e+00
4.756639970610592627e+00
4.571326554099721662e+00
4.391840601452550175e+00
