6.105548985494837967e-48
1.983668721795133249e-45
5.558183843306151581e-43
1.343123679731249892e-40
2.799100171634319763e-38
5.030836605792811050e-36
7.797965693543778696e-34
1.042417670300211419e-31
1.201770517577261024e-29
1.194870015270084623e-27
1.024564058106142555e-25
7.576644440478852821e-24
4.832079086994800637e-22
2.657727787209273511e-20
1.260684162099782100e-18
5.157288576873198875e-17
1.819516112714867903e-15
5.536173791686657482e-14
1.452723161423987769e-12
3.287572529725916756e-11
6.416336935100179728e-10
1.079986474992472308e-08
1.567721117241422589e-07
1.962630919313807593e-06
2.118984602931165388e-05
1.973041872585833481e-04
1.584397467842703789e-03
1.097264462268491940e-02
6.553568213660541930e-02
3.375698659002837054e-01
1.499577289820189563e+00
5.745044204191199988e+00
1.898179291501604737e+01
5.408793786306999607e+01
1.329177415458998155e+02
2.816986847698200336e+02
5.148799991160575473e+02
8.116084509676688867e+02
1.103332563064148871e+03
1.293557229993106148e+03
1.307929080469982864e+03
1.140517834362568010e+03
8.577076863465849783e+02
5.562830917878262653e+02
3.111513961319114969e+02
1.500952625034650509e+02
6.244268251140265846e+01
2.240347854165988295e+01
6.932161878634993890e+00
1.849870268462824541e+00
4.257289518046483145e-01
8.449761192782864749e-02
1.446355399318874531e-02
2.135133053147319007e-03
2.718280081451224348e-04
2.984577071822350452e-05
2.826120857862903899e-06
2.307905376138367894e-07
1.625416274434734475e-08
9.872577354802396629e-10
5.171491595210862315e-11
2.336256042348299156e-12
9.102158389397747801e-14
3.058353457580515341e-15
8.862378613624872960e-17
2.214788501540397080e-18
4.773462959841279264e-20
8.872667162535357758e-22
1.422309661300885706e-23
1.966316693852348751e-25
2.344402139860085853e-27
2.410627398700285702e-29
2.137703183904196105e-31
1.634873130966846608e-33
1.078301091887728116e-35
6.133598868722551896e-38
3.008915779008843136e-40
1.272987179860362474e-42
4.644696751848881928e-45
1.461537744742526438e-47
3.966267882853397924e-50
9.282680169534463678e-53
1.873631019286299074e-55
3.261475232570438416e-58
4.896248351966608092e-61
6.339166055951759403e-64
7.078156403219314437e-67
6.815967607380265018e-70
5.660492473028970180e-73
4.054154107252904064e-76
2.504180477926575462e-79
1.333983120958707151e-82
6.128502672263452074e-86
2.428162578109658813e-89
8.296988344104615740e-93
2.445020669026668564e-96
6.213895223843922150e-100
1.361960944200651543e-103
2.574451520962549260e-107
4.196856489385605109e-111
5.900419044339745361e-115
7.154197575732323668e-119
7.480977352212008812e-123
6.746446592049606637e-127
5.247001275687736440e-131
3.519383466179184011e-135
2.035829229776363414e-139
1.015629806857354282e-143
4.369672285660051246e-148
1.621368132233012777e-152
5.188403394640584072e-157
1.431875220239779855e-161
3.407971453889837809e-166
6.995295417067703904e-171
1.238327472134921511e-175
1.890533129303702622e-180
2.489157706187195181e-185
2.826440650558246708e-190
2.767876220125944615e-195
2.337613974628757749e-200
1.702622082419420800e-205
1.069505605366548111e-210
5.793849434026370564e-216
2.706890458333340594e-221
1.090670317508287422e-226
3.789968874405103173e-232
1.135787615929779599e-237
2.935472061242808473e-243
6.543017923773022047e-249
1.257759496843966284e-254
2.085145844464431633e-260
2.981223974145471749e-266
3.675971280531646983e-272
3.909029526236721561e-278
3.584966720451369378e-284
2.835441180384211997e-290
1.934084716635079631e-296
1.137757429620865869e-302
5.772224365276779607e-309
2.525548459304314865e-315
0.000000000000000000e+00
0.000000000000000000e+00
0.000000000000000000e+00
0.000000000000000000e+00
0.000000000000000000e+00
0.000000000000000000e+00
0.000000000000000000e+00
0.000000000000000000e+00
0.000000000000000000e+00
0.000000000000000000e+00
0.000000000000000000e+00
0.000000000000000000e+00
0.000000000000000000e+00
0.000000000000000000e+00
0.000000000000000000e+00
0.000000000000000000e+00
0.000000000000000000e+00
0.000000000000000000e+00
0.000000000000000000e+00
0.000000000000000000e+00
0.000000000000000000e+00
0.000000000000000000e+00
0.000000000000000000e+00
0.000000000000000000e+00
0.000000000000000000e+00
0.000000000000000000e+00
0.000000000000000000e+00
0.000000000000000000e+00
0.000000000000000000e+00
0.000000000000000000e+00
0.000000000000000000e+00
0.000000000000000000e+00
0.000000000000000000e+00
0.000000000000000000e+00
0.000000000000000000e+00
0.000000000000000000e+00
0.000000000000000000e+00
0.000000000000000000e+00
0.000000000000000000e+00
0.000000000000000000e+00
0.000000000000000000e+00
0.000000000000000000e+00
0.000000000000000000e+00
0.000000000000000000e+00
0.000000000000000000e+00
0.000000000000000000e+00
0.000000000000000000e+00
0.000000000000000000e+00
0.000000000000000000e+00
0.000000000000000000e+00
0.000000000000000000e+00
0.000000000000000000e+00
0.000000000000000000e+00
0.000000000000000000e+00
0.000000000000000000e+00
0.000000000000000000e+00
0.000000000000000000e+00
0.000000000000000000e+00
0.000000000000000000e+00
0.000000000000000000e+00
