5.289196701130518677e-73
1.736289263205218935e-70
5.164171603645123248e-68
1.391635424200876936e-65
3.397789809310582087e-63
7.516467224141910034e-61
1.506528149686453583e-58
2.735816460021368855e-56
4.501351110154261647e-54
6.710348033911851898e-52
9.063447547665968123e-50
1.109144245249956222e-47
1.229784058488515154e-45
1.235423653731204691e-43
1.124473408349007580e-41
9.273180033472643403e-40
6.928742436993547871e-38
4.690578061591489038e-36
2.877031008560442032e-34
1.598854493396084771e-32
8.050439029403750488e-31
3.672623534654954290e-29
1.518026961017097746e-27
5.684977907413067891e-26
1.928964796999890670e-24
5.930155028014628711e-23
1.651786895487482377e-21
4.168580666153979151e-20
9.531661876462569522e-19
1.974673373540931492e-17
3.706535267745960262e-16
6.303579402019748853e-15
9.712981084541181411e-14
1.356013716397911444e-12
1.715227955710126421e-11
1.965738911987238123e-10
2.041155291501371605e-09
1.920315043075623443e-08
1.636873603372461258e-07
1.264165781699693861e-06
8.845841237884290173e-06
5.608161022502251110e-05
3.221425062453413084e-04
1.676570483158290343e-03
7.905727178199147692e-03
3.377598743920496444e-02
1.307436214328365209e-01
4.585420732629134077e-01
1.457082340460097658e+00
4.195031472308157205e+00
1.094290367630826921e+01
2.586283646854917606e+01
5.538165826205076314e+01
1.074489018916104897e+02
1.888792422483090832e+02
3.008241556474035292e+02
4.340976205937652708e+02
5.675554895480593132e+02
6.723191416268876992e+02
7.215872454909048201e+02
7.016951009667726566e+02
6.182359636638846041e+02
4.935217643825789082e+02
3.569476927441299949e+02
2.339101527905710611e+02
1.388800264281317141e+02
7.470965530214162698e+01
3.641328825841752348e+01
1.608012016892405782e+01
6.433760723270046000e+00
2.332312525149498939e+00
7.660459279476719008e-01
2.279654842716812568e-01
6.146524384244664990e-02
1.501538062548405696e-02
3.323451203902020971e-03
6.664821033893760871e-04
1.210971443033007501e-04
1.993542670172248347e-05
2.973468856674957029e-06
4.018347368134359345e-07
4.920143662443510243e-08
5.458261207189852746e-09
5.486268657637167209e-10
4.996271737296499058e-11
4.122505607389524959e-12
3.081929384712235360e-13
2.087518517256587342e-14
1.281103488546168217e-15
7.123350521640394570e-17
3.588646178140580589e-18
1.638035054134920929e-19
6.774261636333208973e-21
2.538323466894628935e-22
8.617438408034736403e-24
2.650669833444144212e-25
7.387190646975793033e-27
1.865302204415196488e-28
4.267419367771073005e-30
8.845607579509657599e-32
1.661254758012513230e-33
2.826773629765294620e-35
4.358048398219067579e-37
6.087504440982271132e-39
7.704292405094871627e-41
8.834306203486167288e-43
9.178217881251440968e-45
8.639537668972129805e-47
7.368326575299675079e-49
5.693685233638749187e-51
3.986247560827505067e-53
2.528606809452609014e-55
1.453264162905683980e-57
7.567528223931637343e-60
3.570341508221077494e-62
1.526200856357989652e-64
5.910984916736702647e-67
2.074217211826106122e-69
6.594696914258247719e-72
1.899685342383808780e-74
4.958093669809228355e-77
1.172449125877089726e-79
2.511999284440804275e-82
4.876309245095148938e-85
8.576482240711396141e-88
1.366700551899384826e-90
1.973257541327880317e-93
2.581311385868817492e-96
3.059449204870629448e-99
3.285430779850121682e-102
3.196595032974358198e-105
2.817923139870745311e-108
2.250696267640476552e-111
1.628736625333818581e-114
1.067901160526338146e-117
6.343916803169991435e-121
3.414523637242455169e-124
1.665133247828924322e-127
7.357225811116973627e-131
2.945271964419243925e-134
1.068274705632674771e-137
3.510643353225258481e-141
1.045289775255735566e-144
2.819894868224544073e-148
6.892477489979171855e-152
1.526384755662244951e-155
3.062660856265169107e-159
5.567753762541171307e-163
9.170802835949624886e-167
1.368613808486894862e-170
1.850549483692990821e-174
2.267079302947169536e-178
2.516395766803575718e-182
2.530680997567568105e-186
2.305908586588513297e-190
1.903675818442713694e-194
1.423934866791341402e-198
9.650137019384585675e-203
5.925473490986941081e-207
3.296543899981961370e-211
1.661655127333481571e-215
7.588730758142849564e-220
3.140101032716816634e-224
1.177238137822078671e-228
3.998814412622073838e-233
1.230677891313817725e-237
3.431656211145878611e-242
8.669805841820540646e-247
1.984546112882715156e-251
4.115847186742023934e-256
7.733988349082398405e-261
1.316721749942282948e-265
2.031097303778281406e-270
2.838661935473142238e-275
3.594536046145624556e-280
4.123996008730848311e-285
4.286865460940891430e-290
4.037455007312143517e-295
3.445258095153393307e-300
2.663680015097409428e-305
1.865900869715560182e-310
1.184244513503854556e-315
7.149129895322837494e-321
0.000000000000000000e+00
0.000000000000000000e+00
0.000000000000000000e+00
0.000000000000000000e+00
0.000000000000000000e+00
0.000000000000000000e+00
0.000000000000000000e+00
0.000000000000000000e+00
0.000000000000000000e+00
0.000000000000000000e+00
0.000000000000000000e+00
0.000000000000000000e+00
0.000000000000000000e+00
0.000000000000000000e+00
0.000000000000000000e+00
0.000000000000000000e+00
0.000000000000000000e+00
