8.169337451492875601e+00
1.428612490163218141e+01
7.930925691953696344e+00
9.424438871048312905e+00
2.497791291072693909e+01
2.032635855921950707e+01
1.250272930416004513e+01
1.076074354190791027e+01
1.793050160273708826e+01
2.227895440593783150e+01
2.572121139165857784e+01
1.943842243365496714e+01
7.900096791010498443e+00
2.420493633193890659e+01
1.551104138548184608e+01
2.614293985445109314e+01
3.200183371282001588e+01
1.328073337397874454e+01
8.355865517438228807e+00
1.404116833007539888e+01
1.940709496860285910e+01
8.460695034608368914e+00
9.026836050309652748e+00
1.373450902705466881e+01
1.368953765200088135e+01
8.206416913982563344e+00
7.951906528330471069e+00
1.947174295181386583e+01
1.892910393009657000e+01
2.070336461419771013e+01
8.025080654776662215e+00
1.649999928329049936e+01
8.222482471281875149e+00
2.095655822383053390e+01
1.285046589113151150e+01
8.223157169695271662e+00
2.071861150204261293e+01
8.143742403938119878e+00
3.547506126315920483e+01
1.395319003758837795e+01
2.016198422537150492e+01
3.091265798511647134e+01
1.940938996991979337e+01
1.212920350918773593e+01
1.954283729409221237e+01
1.453757419308725041e+01
1.486728461092371845e+01
1.475409108594487861e+01
1.152147047702610649e+01
2.495410077262900117e+01
2.066807584863924419e+01
1.367809034268446844e+01
7.934538869309427866e+00
2.881154068536705282e+01
