1.320181463062530591e+00
1.623022353835877007e+00
1.985022070318092524e+00
2.415216937483373627e+00
2.923458404308702629e+00
3.520364718027098050e+00
4.217240493875715757e+00
5.025960182488716121e+00
5.958812042116122143e+00
7.028300104304965323e+00
8.246902790178772591e+00
9.626788286563774832e+00
1.117948850693434792e+01
1.291553540304476222e+01
1.484406550130401392e+01
1.697240073625869172e+01
1.930561584694896737e+01
2.184610468037675446e+01
2.459315958920444700e+01
2.754257959244499432e+01
3.068632396459389966e+01
3.401222831629209509e+01
3.750379993189977057e+01
4.114010806583079471e+01
4.489578303289496120e+01
4.874113526025451648e+01
5.264240204549760449e+01
5.656212567772735866e+01
6.045966196193945308e+01
6.429181321748905020e+01
6.801357470920240189e+01
7.157897844909221874e+01
7.494201362462455052e+01
7.805759881195123739e+01
8.088257784992792665e+01
8.337670898380157780e+01
8.550361579385965172e+01
8.723166860751895513e+01
8.853476659409547267e+01
8.939299353326782693e+01
8.979312423632107709e+01
8.972896362434950390e+01
8.920150631342089298e+01
8.821891096132024757e+01
8.679629030059126649e+01
8.495532440991249246e+01
8.272371105452454287e+01
8.013447257024837711e+01
7.722514352393967840e+01
7.403686705447395866e+01
7.061343024048633765e+01
6.700026997803436757e+01
6.324348067537330564e+01
5.938885364185784255e+01
5.548097548298490267e+01
5.156240928456024619e+01
4.767297808621237465e+01
4.384916534417190093e+01
4.012364201297679500e+01
3.652492478032938550e+01
3.307716509752301448e+01
2.980006416123752899e+01
2.670890508656612283e+01
2.381469028934368382e+01
2.112436964659033123e+01
1.864114336043904174e+01
1.636482260395902699e+01
1.429223092972906883e+01
1.241762999547781909e+01
1.073315430356839784e+01
9.229241245000595839e+00
7.895044658949422534e+00
6.718822240740169427e+00
5.688289336335031088e+00
4.790933843623325750e+00
4.014289009738324587e+00
3.346162797334455874e+00
2.774824138773761106e+00
2.289147772277087434e+00
1.878720443085704739e+00
1.533912056269133739e+00
1.245915900004288979e+00
1.006762343271532023e+00
8.093104815972490540e-01
6.472220947462022922e-01
5.149220289089527780e-01
4.075487602228727302e-01
3.208984713908927255e-01
2.513655100673670706e-01
1.958816234093440911e-01
1.518558996347096346e-01
1.171169114388299487e-01
8.985815972218151593e-02
6.858756689686933139e-02
5.208147087073997789e-02
3.934332429014746058e-02
2.956710691067981206e-02
2.210530839406146461e-02
1.644122952080194836e-02
1.216527620047337319e-02
8.954876949115574830e-03
6.557634981824055770e-03
4.777325389647059210e-03
3.462361212523766985e-03
2.496375390373852064e-03
1.790595046606532730e-03
1.277717468536464880e-03
9.070312569831001474e-04
6.405597440336775143e-04
4.500357326355138303e-04
3.145461119832192675e-04
2.187114965283347651e-04
1.512895289172513404e-04
1.041108749646000719e-04
7.127435397987504334e-05
4.854231121899273962e-05
3.288952326950495231e-05
2.216892703966299300e-05
1.486557584806161664e-05
9.916736363252359220e-06
6.581210252892738959e-06
4.345029516676813877e-06
2.853840283218167958e-06
1.864732603669377648e-06
1.212141811608452517e-06
7.838631840449559446e-07
5.042861840868194468e-07
3.227482083796885134e-07
2.054946774917831149e-07
1.301629200060531621e-07
8.202079138079659186e-08
5.141745720136528800e-08
3.206617826876720160e-08
1.989453430375240484e-08
1.227920697709224552e-08
7.539747980622552095e-09
4.605675192935715320e-09
2.798850823569152450e-09
1.692061576925026232e-09
1.017659622139011870e-09
6.088900683839893031e-10
3.624308894242589702e-10
2.146156988179219954e-10
1.264293008162430938e-10
7.409415560245016803e-11
4.319864626739009809e-11
2.505568550093436762e-11
1.445747361451719731e-11
8.299052176997361185e-12
4.739303803725369430e-12
2.692468126238176957e-12
1.521726346309744665e-12
8.556034287669866362e-13
4.785842920789816890e-13
2.663142047905174663e-13
1.474280735119636807e-13
8.119251922664859854e-14
4.448379294307010036e-14
2.424585880912171710e-14
1.314689821190284869e-14
7.091841106250900168e-15
3.805788593906799829e-15
2.031796889956163955e-15
1.079110428840860031e-15
5.701661833368474627e-16
2.997001698302349024e-16
1.567193024242557333e-16
8.152821956705128428e-17
4.219329032715250015e-17
2.172344992451685180e-17
1.112664335781550103e-17
5.669561961248389320e-18
2.873987080627032651e-18
1.449339353213680078e-18
7.271187185620280111e-19
3.629029787641227370e-19
1.801879350735245007e-19
8.900427177958275723e-20
4.373669493818393880e-20
2.138114896224423019e-20
1.039838958074495637e-20
5.030962696246249707e-21
2.421508942598642526e-21
1.159500725722703595e-21
5.523392931429547544e-22
2.617524903389768006e-22
1.234029870537431573e-22
5.787759674727493514e-23
2.700506795314286199e-23
1.253516418581713445e-23
5.788482790861860449e-24
2.659190396450187070e-24
1.215301652192730989e-24
5.525463449455630896e-25
2.499213165411925592e-25
1.124573530133574044e-25
5.034106295551650682e-26
2.241851664157889619e-26
9.932105699755975790e-27
4.377496016992718582e-27
1.919376414668866549e-27
8.372294868990486306e-28
3.633112489388557806e-28
1.568422780096598034e-28
6.735927522164962946e-29
2.877939348545554544e-29
1.223251722895053005e-29
5.172494083532040977e-30
2.175875972798581942e-30
9.105802739091918308e-31
3.790987100668265311e-31
1.570132644100458962e-31
6.469494480687404798e-32
2.651882747313710371e-32
1.081404709318032756e-32
4.387045741620781888e-33
1.770541196053988239e-33
7.108694934863757256e-34
2.839381089745719533e-34
1.128255505793734118e-34
4.460065172643256963e-35
1.753981125751846123e-35
6.862124511704945668e-36
2.670805363381489536e-36
1.034131704260916951e-36
3.983450579695209426e-37
1.526486548385138860e-37
5.819377051945436819e-38
2.207038860700069405e-38
8.327093297667033139e-39
3.125552862092074735e-39
1.167105817492655036e-39
4.335543885622019236e-40
1.602237554663768819e-40
5.890608973116170217e-41
2.154484876010336344e-41
7.839288948538293806e-42
2.837656760005258815e-42
1.021863813375058819e-42
3.660801198942910489e-43
1.304695719250774858e-43
4.625858002661536191e-44
1.631643685987106888e-44
5.725432771317306984e-45
1.998670865165407200e-45
6.941034634638401173e-46
2.398043785954837490e-46
8.242139736674138008e-47
2.818206455120506031e-47
9.586401292176912508e-48
3.244056218757757315e-48
1.092121875585834433e-48
3.657664002520691574e-49
1.218671002498841499e-49
4.039420956738825853e-50
1.331992313107963737e-50
4.369525621388365470e-51
1.425991147372633673e-51
4.629662539275093314e-52
1.495311970749783105e-52
4.804677603656063062e-53
1.535842426828278368e-53
4.884038030458758966e-54
1.545117035739704425e-54
4.862881561851030382e-55
1.522565451512481576e-55
4.742509584376302564e-56
1.469570518752293400e-56
4.530254621681071992e-57
1.389327911358413376e-57
4.238740961932781330e-58
1.286527163549611723e-58
3.884642088351175996e-59
1.166898360516252918e-59
3.487104927334553413e-60
1.036685368029485992e-60
3.066047576777560461e-61
9.021126605250974923e-62
2.640539287579947387e-62
7.689081367399525788e-63
2.227441194689882690e-63
6.419304920056506767e-64
1.840431809484204379e-64
5.249300365292652834e-65
1.489474540519654347e-65
4.204503439762365385e-66
1.180718335345809529e-66
3.298586446777562682e-67
9.167679043913276152e-68
2.534783655705322758e-68
6.972240564957172648e-69
1.907892039068853995e-69
5.193799687421957067e-70
1.406586883913602066e-70
3.789639499085959367e-71
1.015732154178611576e-71
2.708385441350850283e-72
7.184419913259486106e-73
1.895932680807249021e-73
4.977417666696416482e-74
1.299975671101433029e-74
3.377663118709624440e-75
8.730666646122833858e-76
2.245062565085480814e-76
5.743272965457510182e-77
1.461640051051503491e-77
3.700593479057971564e-78
9.320780723107990371e-79
2.335517739683577249e-79
5.821890289562978426e-80
1.443759421627052990e-80
3.561849892768460798e-81
8.741910626567437880e-82
2.134455371399817405e-82
5.184629931386921210e-83
1.252848087141361947e-83
3.011820140626994675e-84
7.202937054820903740e-85
1.713721216222209536e-85
4.056212459318663352e-86
9.551051426466971405e-87
2.237338209815442373e-87
5.213892388420685923e-88
1.208766608812596984e-88
2.787871890775653363e-89
6.396658109910842495e-90
1.460102795779175920e-90
3.315611928946620853e-91
7.490208755712449578e-92
1.683348815406876175e-92
3.763607116008544978e-93
8.371136271465561018e-94
1.852313576754081483e-94
4.077505688637093173e-95
8.929447921607724744e-96
1.945380728361377134e-96
4.216329832919102664e-97
9.091059763559263035e-98
1.950044022380974648e-98
4.161254579231115848e-99
8.833933464598871383e-100
1.865666138352362831e-100
3.919798135057394328e-101
8.193009192651288526e-102
1.703621647043581751e-102
3.524137338646804077e-103
7.252411993852307698e-104
1.484779892318880177e-104
3.024068712558210625e-105
6.127328999206312472e-106
1.235095991523564436e-106
2.476738710450066618e-107
4.940940673996933123e-108
9.805935991954347761e-109
1.936058323622439291e-109
3.802750095416410390e-110
7.430655089141625047e-111
1.444462885941723704e-111
2.793416149276528104e-112
5.374212800483272002e-113
1.028594140367537246e-113
1.958498306248063424e-114
3.709815591428509840e-115
6.990872981029383314e-116
1.310570741560062265e-116
2.444215491289854131e-117
4.534908031514071749e-118
8.370423720384557099e-119
1.537008855055524245e-119
2.807729490612765310e-120
5.102513060589903442e-121
9.224927335796380071e-122
1.659173300043170101e-122
2.968728721177693173e-123
5.284443335560684332e-124
9.357890177768691614e-125
1.648567030817092978e-125
2.889250811329779823e-126
5.037485916622791155e-127
8.737605116951811594e-128
1.507720880768360640e-128
2.588209655039632470e-129
4.420057548760238441e-130
7.509419433291816712e-131
1.269213748974067815e-131
2.134092017202300733e-132
3.569780246240866828e-133
5.940456091491500687e-134
9.834404465016303015e-135
1.619669144964090338e-135
2.653716467250092929e-136
4.325463955833330302e-137
7.013920561464443605e-138
1.131459350173605228e-138
1.815795920575213442e-139
2.898979096767205745e-140
4.604400571163354078e-141
7.275302939776230019e-142
1.143612864232606063e-142
1.788368244394747870e-143
2.782177503879411770e-144
4.305887583137190257e-145
6.629648564085887190e-146
1.015472798907424197e-146
1.547376687249897843e-147
2.345707043078235321e-148
3.537540833910451860e-149
5.307366989135801932e-150
7.921487542823400240e-151
1.176208560079543439e-151
1.737448319528944403e-152
2.553226964893686092e-153
3.732646971680972190e-154
5.428681706182810517e-155
7.854559037048517568e-156
1.130574550609327763e-156
1.618924403177363079e-157
2.306236818837865808e-158
3.268369887578540687e-159
4.607957525489202026e-160
6.463022999389496867e-161
9.018055484380868350e-162
1.251814771842003124e-162
1.728690353676284164e-163
2.374894449866236220e-164
3.245797220128016520e-165
4.413147294587088487e-166
5.969327810260268942e-167
8.032530863920764439e-168
1.075299253188350484e-168
1.432043640111943644e-169
1.897287428225919543e-170
2.500690663303441519e-171
3.278965020122936241e-172
4.277239434135602348e-173
5.550604815513517222e-174
7.165838590703829071e-175
9.203302615883236496e-176
1.175899892642412689e-176
1.494675674342175869e-177
1.890051115961944307e-178
2.377661909629130536e-179
2.975614172505151711e-180
3.704700501404051543e-181
4.588593199797886598e-182
5.654002258927544843e-183
6.930784023610803912e-184
8.451985066120449793e-185
1.025380475966315413e-185
1.237545952747903384e-186
1.485893188875234579e-187
1.774858836724952840e-188
2.109065219704700954e-189
2.493251964971468314e-190
2.932191277959842981e-191
3.430586644982047129e-192
3.992955361406959593e-193
4.623495987278487254e-194
5.325942610947565739e-195
6.103408628088036428e-196
6.958223585055254170e-197
7.891767452313598870e-198
8.904307441129514117e-199
9.994843107607912111e-200
1.116096595458361136e-200
1.239873999838624634e-201
1.370260977410101965e-202
1.506534197799782589e-203
1.647800636934119841e-204
1.793000066972386882e-205
1.940912301639690003e-206
2.090169407384006922e-207
2.239272922927484910e-208
2.386615945374151441e-209
2.530509747533557402e-210
2.669214397115847040e-211
2.800972663195594856e-212
2.924046328307768944e-213
3.036753884807463830e-214
3.137508489931962199e-215
3.224854992128379197e-216
3.297504826535252276e-217
3.354367612678334230e-218
3.394578372582935448e-219
3.417519420118381664e-220
3.422836147490409840e-221
3.410446145014391614e-222
3.380541326377033292e-223
3.333582982784218900e-224
3.270289944136198507e-225
3.191620271868606127e-226
3.098747135055032109e-227
2.993029718550959926e-228
2.875980170826317633e-229
2.749227713232314575e-230
2.614481097748924697e-231
2.473490615349697599e-232
2.328010823107997760e-233
2.179765078675792084e-234
2.030412851459147546e-235
