1.100423952301902897e-21
5.706552173553170568e-19
2.044370576331413425e-16
5.059615603770737898e-14
8.650625216463593353e-12
1.021761519033558511e-09
8.337266045730586097e-08
4.699696904009503573e-06
1.830156008024715704e-04
4.923551055925224490e-03
9.150416277866052495e-02
1.174830816567962621e+00
1.042033976878316537e+01
6.384994126654108726e+01
2.702783110239194002e+02
7.903763973697891743e+02
1.596720131821870382e+03
2.228413144097296481e+03
2.148496714715263806e+03
1.431020148192607394e+03
6.584592077407380657e+02
2.093071546141223678e+02
4.596331509586277519e+01
6.972855854090577843e+00
7.307723424674356094e-01
5.290851706795589304e-02
2.646312621805951403e-03
9.143843393162843722e-05
2.182672026135022809e-06
3.599318325873985778e-08
4.100379984358338726e-10
3.227007867414648350e-12
1.754478358682126174e-14
6.589736955278425225e-17
1.709858668953259287e-19
3.064957255721656803e-22
3.795427516122878437e-25
3.246901049445906017e-28
1.918887338859241757e-31
7.834332021827901815e-35
2.209665530879565781e-38
4.305495910285272372e-42
5.795513116573225029e-46
5.389303940353757183e-50
3.462147236056816361e-54
1.536492559681624993e-58
4.710721853077698487e-63
9.977380484276158355e-68
1.459881747169410783e-72
1.475675595782488288e-77
1.030471971657910179e-82
4.971111957773957736e-88
1.656696584792340646e-93
3.814208957263303250e-99
6.066497996645535795e-105
6.665668439415115316e-111
5.059661098690568726e-117
2.653207530817266706e-123
9.611542406012453267e-130
2.405398431896662891e-136
4.158656337771883481e-143
4.966965162818882143e-150
4.098276608666611084e-157
2.336057308070242372e-164
9.198940083253560147e-172
2.502442801856770074e-179
4.702865964820537157e-187
6.105667006211248451e-195
5.476154601753775714e-203
3.393050772423205949e-211
1.452369393246354582e-219
4.294730238793069504e-228
8.773376439025513758e-237
1.238139873641417174e-245
1.207104108633658795e-254
8.130023824992754002e-264
3.782779096831047391e-273
1.215912196552393898e-282
2.700010923171011026e-292
4.141912305389498425e-302
4.389432244966565973e-312
0.000000000000000000e+00
0.000000000000000000e+00
0.000000000000000000e+00
0.000000000000000000e+00
0.000000000000000000e+00
0.000000000000000000e+00
0.000000000000000000e+00
0.000000000000000000e+00
0.000000000000000000e+00
0.000000000000000000e+00
0.000000000000000000e+00
0.000000000000000000e+00
0.000000000000000000e+00
0.000000000000000000e+00
0.000000000000000000e+00
0.000000000000000000e+00
0.000000000000000000e+00
0.000000000000000000e+00
0.000000000000000000e+00
0.000000000000000000e+00
0.000000000000000000e+00
0.000000000000000000e+00
0.000000000000000000e+00
0.000000000000000000e+00
0.000000000000000000e+00
0.000000000000000000e+00
0.000000000000000000e+00
0.000000000000000000e+00
0.000000000000000000e+00
0.000000000000000000e+00
0.000000000000000000e+00
0.000000000000000000e+00
0.000000000000000000e+00
0.000000000000000000e+00
0.000000000000000000e+00
0.000000000000000000e+00
0.000000000000000000e+00
0.000000000000000000e+00
0.000000000000000000e+00
0.000000000000000000e+00
0.000000000000000000e+00
0.000000000000000000e+00
0.000000000000000000e+00
0.000000000000000000e+00
0.000000000000000000e+00
0.000000000000000000e+00
0.000000000000000000e+00
0.000000000000000000e+00
0.000000000000000000e+00
0.000000000000000000e+00
0.000000000000000000e+00
0.000000000000000000e+00
0.000000000000000000e+00
0.000000000000000000e+00
0.000000000000000000e+00
0.000000000000000000e+00
0.000000000000000000e+00
0.000000000000000000e+00
0.000000000000000000e+00
0.000000000000000000e+00
0.000000000000000000e+00
0.000000000000000000e+00
0.000000000000000000e+00
0.000000000000000000e+00
0.000000000000000000e+00
0.000000000000000000e+00
0.000000000000000000e+00
0.000000000000000000e+00
0.000000000000000000e+00
0.000000000000000000e+00
0.000000000000000000e+00
0.000000000000000000e+00
0.000000000000000000e+00
0.000000000000000000e+00
0.000000000000000000e+00
0.000000000000000000e+00
0.000000000000000000e+00
0.000000000000000000e+00
0.000000000000000000e+00
0.000000000000000000e+00
0.000000000000000000e+00
0.000000000000000000e+00
0.000000000000000000e+00
0.000000000000000000e+00
0.000000000000000000e+00
0.000000000000000000e+00
0.000000000000000000e+00
0.000000000000000000e+00
0.000000000000000000e+00
0.000000000000000000e+00
0.000000000000000000e+00
0.000000000000000000e+00
0.000000000000000000e+00
0.000000000000000000e+00
0.000000000000000000e+00
0.000000000000000000e+00
0.000000000000000000e+00
0.000000000000000000e+00
0.000000000000000000e+00
0.000000000000000000e+00
0.000000000000000000e+00
0.000000000000000000e+00
0.000000000000000000e+00
0.000000000000000000e+00
0.000000000000000000e+00
0.000000000000000000e+00
0.000000000000000000e+00
0.000000000000000000e+00
0.000000000000000000e+00
0.000000000000000000e+00
0.000000000000000000e+00
0.000000000000000000e+00
0.000000000000000000e+00
0.000000000000000000e+00
0.000000000000000000e+00
0.000000000000000000e+00
0.000000000000000000e+00
0.000000000000000000e+00
0.000000000000000000e+00
