2.340937198319278515e-10
2.700207310681486226e-10
3.113404287065364196e-10
3.588434254915823533e-10
4.134333750373586598e-10
4.761427064081794801e-10
5.481504864809616320e-10
6.308026889494643086e-10
7.256351841448269173e-10
8.343998034659474317e-10
9.590938766413567449e-10
1.101993689839287631e-09
1.265692368426307094e-09
1.453142750635889985e-09
1.667705888311009599e-09
1.913205889077833355e-09
2.193991901729083319e-09
2.515008144287374691e-09
2.881872983331481224e-09
3.300968194976443499e-09
3.779539673811189113e-09
4.325811007669797604e-09
4.949111505065436674e-09
5.660020450345565249e-09
6.470529571227050408e-09
7.394225936646246791e-09
8.446497762355934968e-09
9.644765890215543077e-09
1.100874402773445667e-08
1.256073119052947462e-08
1.432594018566792741e-08
1.633286641247916949e-08
1.861370174382157344e-08
2.120479878991292519e-08
2.414719144407415427e-08
2.748717827101785002e-08
3.127697603011558316e-08
3.557545143550187147e-08
4.044894014966450915e-08
4.597216299583207379e-08
5.222925046624095874e-08
5.931488780838189333e-08
6.733559430061143499e-08
7.641115179408966931e-08
8.667619921300501169e-08
9.828201148369291664e-08
1.113984833211395662e-07
1.262163404552808834e-07
1.429496032479083147e-07
1.618383302536787732e-07
1.831516721374514236e-07
2.071912694982127245e-07
2.342950315927618104e-07
2.648413367275161321e-07
2.992536992240281517e-07
3.380059523953312146e-07
3.816280019307082200e-07
4.307122095136164696e-07
4.859204724315685982e-07
5.479920714217679004e-07
6.177523660788630448e-07
6.961224248824693325e-07
7.841296853360657645e-07
8.829197489044812694e-07
9.937694254571329510e-07
1.118101152836020337e-06
1.257498929043533957e-06
1.413725907462973356e-06
1.588743819567386033e-06
1.784734404828434759e-06
2.004123044101799549e-06
2.249604810739774335e-06
2.524173173174098198e-06
2.831151603837162454e-06
3.174228372170342600e-06
3.557494824235642128e-06
3.985487478237912813e-06
4.463234294229574717e-06
4.996305507561218293e-06
5.590869449428489981e-06
6.253753814320247610e-06
6.992512873483594797e-06
7.815501175881661022e-06
8.731954323737379457e-06
9.752077458849897138e-06
1.088714214866624173e-05
1.214959241783465062e-05
1.355316073190724435e-05
1.511299480526662107e-05
1.684579617550144173e-05
1.876997156164112891e-05
2.090579810418486973e-05
2.327560367104264117e-05
2.590396350567615225e-05
2.881791459223296056e-05
3.204718921765879400e-05
3.562446932303499412e-05
3.958566335608618131e-05
4.397020746435219670e-05
4.882139300431722598e-05
5.418672248626210035e-05
6.011829622818530826e-05
6.667323215527128815e-05
7.391412135451760521e-05
8.190952217774054582e-05
9.073449588071340625e-05
1.004711869921584864e-04
1.112094518241555350e-04
1.230475387657842268e-04
1.360928242449235186e-04
1.504626084996015607e-04
1.662849755706214338e-04
1.836997222118329036e-04
2.028593607138675519e-04
2.239302009518840720e-04
2.470935172982948445e-04
2.725468063880284297e-04
3.005051420870280803e-04
3.312026343947769495e-04
3.648939994090454617e-04
4.018562478960611777e-04
4.423905004422918523e-04
4.868239376151191149e-04
5.355118940291307998e-04
5.888401057027600012e-04
6.472271205964848402e-04
7.111268827489456313e-04
7.810315009709105447e-04
8.574742136190564683e-04
9.410325615515800421e-04
1.032331781965581960e-03
1.132048436431433609e-03
1.240914287071278937e-03
1.359720435477098852e-03
1.489321739627127604e-03
1.630641524737233431e-03
1.784676604674976770e-03
1.952502631267093993e-03
2.135279789544724648e-03
2.334258857693327898e-03
2.550787651203961521e-03
2.786317871457391886e-03
3.042412379710430180e-03
3.320752918192146613e-03
3.623148300754042844e-03
3.951543096249012302e-03
4.308026828537659877e-03
4.694843717731453023e-03
5.114402987978653413e-03
5.569289767776431678e-03
6.062276609446112623e-03
6.596335655034500645e-03
7.174651476498053460e-03
7.800634618581910387e-03
8.477935873319122559e-03
9.210461315538568880e-03
1.000238812918058211e-02
1.085818125456666262e-02
1.178261088705065060e-02
1.278077085768574567e-02
1.385809792666608739e-02
1.502039202033763308e-02
1.627383744251168982e-02
1.762502509064986858e-02
1.908097570720969013e-02
2.064916419603995967e-02
2.233754503318530898e-02
2.415457880078981934e-02
2.610925987197134507e-02
2.821114527356491375e-02
3.047038475249020870e-02
3.289775207018195285e-02
3.550467754801746312e-02
3.830328188497795355e-02
4.130641126687615433e-02
4.452767378436682522e-02
4.798147717461465067e-02
5.168306789892172792e-02
5.564857156580250291e-02
5.989503470592907192e-02
6.444046790204494002e-02
6.930389027336124330e-02
7.450537531007887793e-02
8.006609804954398224e-02
8.600838358110650395e-02
9.235575686203348345e-02
9.913299382180734698e-02
1.063661737268112584e-01
1.140827327717865575e-01
1.223115188585049556e-01
1.310828475158621886e-01
1.404285589090459585e-01
1.503820758785818779e-01
1.609784629428913094e-01
1.722544861905504765e-01
1.842486739806745433e-01
1.970013783618151104e-01
2.105548371114482620e-01
2.249532362895338422e-01
2.402427731907946784e-01
2.564717195712850617e-01
2.736904850155069124e-01
2.919516803008254113e-01
3.113101806062368859e-01
3.318231884026882073e-01
3.535502958521333228e-01
3.765535465324225117e-01
4.008974962949112819e-01
4.266492730514361287e-01
4.538786352770423083e-01
4.826580290046122990e-01
5.130626430773463920e-01
5.451704624149473766e-01
5.790623190394516007e-01
6.148219405968207152e-01
6.525359961009318255e-01
6.922941386173036005e-01
7.341890445950086663e-01
7.783164495466322608e-01
8.247751797681034391e-01
8.736671797825414920e-01
9.250975351852633866e-01
9.791744905606063476e-01
1.036009462135474735e+00
1.095717044829443765e+00
1.158415013357020129e+00
1.224224317034250165e+00
1.293269067939369910e+00
1.365676522075682575e+00
1.441577053184408763e+00
1.521104118855825638e+00
1.604394218588861998e+00
1.691586843452274502e+00
1.782824417004842621e+00
1.878252227137621633e+00
1.978018348508278512e+00
2.082273555246031638e+00
2.191171223615463681e+00
2.304867224339156806e+00
2.423519804291902613e+00
2.547289457293899329e+00
2.676338783746652350e+00
2.810832338873137992e+00
2.950936469343270918e+00
3.096819138087281598e+00
3.248649737122242698e+00
3.406598888241946899e+00
3.570838231446596733e+00
3.741540201016948952e+00
3.918877789167293013e+00
4.103024297243097251e+00
4.294153074462264463e+00
4.492437244233494553e+00
4.698049418121550858e+00
4.911161397566790932e+00
5.131943863505456171e+00
5.360566054077607667e+00
5.597195430651281889e+00
5.841997332434196721e+00
6.095134619988365365e+00
6.356767308007664319e+00
6.627052187764289393e+00
6.906142439676004940e+00
7.194187236493737814e+00
7.491331337655696032e+00
7.797714675402453111e+00
8.113471933294812644e+00
8.438732117824438106e+00
8.773618123854117101e+00
9.118246294672511354e+00
9.472725977493992033e+00
9.837159075280418108e+00
1.021163959580636593e+01
1.059625319893297757e+01
1.099107674309790994e+01
1.139617783206957036e+01
1.181161436305277057e+01
1.223743407726991883e+01
1.267367411417663270e+01
1.312036057050307036e+01
1.357750806534210142e+01
1.404511931253240498e+01
1.452318470160866504e+01
1.501168188861182706e+01
1.551057539806994257e+01
1.601981623747390771e+01
1.653934152558302983e+01
1.706907413590084488e+01
1.760892235666518602e+01
1.815877956869343990e+01
1.871852394241857098e+01
1.928801815544051834e+01
1.986710913190286476e+01
2.045562780498418221e+01
2.105338890377047889e+01
2.166019076574452384e+01
2.227581517609501205e+01
2.290002723500935033e+01
2.353257525407058282e+01
2.417319068283048722e+01
2.482158806657808370e+01
2.547746503626487424e+01
2.614050233148585534e+01
2.681036385734848793e+01
2.748669677599044547e+01
2.816913163343141591e+01
2.885728252236445712e+01
2.955074728140911944e+01
3.024910773126007157e+01
3.095192994807576881e+01
3.165876457435568625e+01
3.236914716745841503e+01
3.308259858581253354e+01
3.379862541276946786e+01
3.451672041794306978e+01
3.523636305577387162e+01
3.595702000094780004e+01
3.667814572018991726e+01
3.739918307984373769e+01
3.811956398853567407e+01
3.883871007411435983e+01
3.955603339394290430e+01
4.027093717751441204e+01
4.098281660025099882e+01
4.169105958724050964e+01
4.239504764555984906e+01
4.309415672373143025e+01
4.378775809675905606e+01
4.447521927509303197e+01
4.515590493578096698e+01
4.582917787397163778e+01
4.649439997285404758e+01
4.715093319003392480e+01
4.779814055827392849e+01
4.843538719845511054e+01
4.906204134255182225e+01
4.967747536435485500e+01
5.028106681562531577e+01
5.087219946531671866e+01
5.145026433946414102e+01
5.201466075930773769e+01
5.256479737519385509e+01
5.310009319378004022e+01
5.361997859606091055e+01
5.412389634373035108e+01
5.461130257140170841e+01
5.508166776222088146e+01
5.553447770443031573e+01
5.596923442647015889e+01
5.638545710824104162e+01
5.678268296619796018e+01
5.716046810999731775e+01
5.751838836847980474e+01
5.785604008283939237e+01
5.817304086490349846e+01
5.846903031853142352e+01
5.874367072222664632e+01
5.899664767115372399e+01
5.922767067685141029e+01
5.943647372304138088e+01
5.962281577604368721e+01
5.978648124842825951e+01
5.992728041465412758e+01
6.004504977757448358e+01
6.013965238481675613e+01
6.021097809418048286e+01
6.025894378733323720e+01
6.028349353122407450e+01
6.028459868677585121e+01
6.026225796456064643e+01
6.021649742730676991e+01
6.014737043923066295e+01
6.005495756233142401e+01
5.993936639993019355e+01
5.980073138787961540e+01
5.963921353401065772e+01
5.945500010652354916e+01
5.924830427216704720e+01
5.901936468518466228e+01
5.876844502813723636e+01
5.849583350583866803e+01
5.820184229376423701e+01
5.788680694240891000e+01
5.755108573918676029e+01
5.719505902956932886e+01
5.681912849926320774e+01
5.642371641932244586e+01
5.600926485618078488e+01
5.557623484867109198e+01
5.512510555417485847e+01
5.465637336611341368e+01
5.417055100505298526e+01
5.366816658574966681e+01
5.314976266250612724e+01
5.261589525524995281e+01
5.206713285877389552e+01
5.150405543760120963e+01
5.092725340895295716e+01
5.033732661630222083e+01
4.973488329599829427e+01
4.912053903943601085e+01
4.849491575322871029e+01
4.785864061982027806e+01
4.721234506094049266e+01
4.655666370627039186e+01
4.589223336963942756e+01
4.521969203502513324e+01
4.453967785456816131e+01
4.385282816075259404e+01
4.315977849483083872e+01
4.246116165349906879e+01
4.175760675574837677e+01
4.104973833173265518e+01
4.033817543540529726e+01
3.962353078258387029e+01
3.890640991600567133e+01
3.818741039883719424e+01
3.746712103799846716e+01
3.674612113855803841e+01
3.602497979034820474e+01
3.530425518784088013e+01
3.458449398421632281e+01
3.386623068044514184e+01
3.314998705009456614e+01
3.243627160045895153e+01
3.172557907050430615e+01
3.101838996600709919e+01
3.031517013215977485e+01
2.961637036380806265e+01
2.892242605338067918e+01
2.823375687646912624e+01
2.755076651491480888e+01
2.687384241716304700e+01
2.620335559554990112e+01
2.553966046009474411e+01
2.488309468828552795e+01
2.423397913025859296e+01
2.359261774869514383e+01
2.295929759268048187e+01
2.233428880470040667e+01
2.171784465988181623e+01
2.111020163652184323e+01
2.051157951689159376e+01
1.992218151724720343e+01
1.934219444593210824e+01
1.877178888841030258e+01
1.821111941803201262e+01
1.766032483129751540e+01
1.711952840635659712e+01
1.658883818345560002e+01
1.606834726602401631e+01
1.555813414107722181e+01
1.505826301760072106e+01
1.456878418157491595e+01
1.408973436629707976e+01
1.362113713665911163e+01
1.316300328604572023e+01
1.271533124452731656e+01
1.227810749703611570e+01
1.185130701023005528e+01
1.143489366677073349e+01
1.102882070576468898e+01
1.063303116814426375e+01
1.024745834579382553e+01
9.872026233259333594e+00
9.506649980913707054e+00
9.151236348487334027e+00
8.805684157911770171e+00
8.469884744465206339e+00
8.143722405250592544e+00
7.827074844080475380e+00
7.519813611888000793e+00
7.221804541828282353e+00
6.932908178281668832e+00
6.652980199017100027e+00
6.381871829821272435e+00
6.119430250947187844e+00
5.865498994783330033e+00
5.619918334192448128e+00
5.382525661016365426e+00
5.153155854290246474e+00
4.931641637756097651e+00
4.717813926311135830e+00
4.511502161071682337e+00
4.312534632776871213e+00
4.120738793299809188e+00
3.935941555075354703e+00
3.757969578294284130e+00
3.586649545752850443e+00
3.421808425284452948e+00
3.263273719736583089e+00
3.110873704490883629e+00
2.964437652557470937e+00
2.823796047306221357e+00
2.688780782927671975e+00
2.559225352744394666e+00
2.434965025520497761e+00
2.315837009941339897e+00
2.201680607459149730e+00
2.092337353721375859e+00
