7.707712088000975551e-45
3.999823974545887300e-42
1.725211365826533303e-39
6.184858643141748348e-37
1.842906414519070781e-34
4.564180605788934411e-32
9.395251211585391425e-30
1.607459384424934267e-27
2.285902255211923219e-25
2.701850655604207856e-23
2.654306432250863968e-21
2.167338846894248309e-19
1.470918489306601998e-17
8.297293159991432180e-16
3.890185391998774202e-14
1.515968574389568614e-12
4.910165544969436445e-11
1.321868052357550261e-09
2.957781678295761742e-08
5.500854507630564960e-07
8.503157795297305670e-06
1.092487193026462223e-04
1.166644415883231816e-03
1.035491873175974076e-02
7.639077550897119262e-02
4.684046298868430047e-01
2.387192687113865119e+00
1.011206395391358193e+01
3.560230988065713831e+01
1.041843724881036906e+02
2.534037401557999942e+02
5.122824725941281940e+02
8.607796863221095691e+02
1.202155251417146474e+03
1.395452770996335857e+03
1.346343143400661802e+03
1.079648583955323602e+03
7.196065571985014913e+02
3.986519021837777927e+02
1.835602351341689200e+02
7.025049779874358080e+01
2.234633179083822441e+01
5.908117385133359711e+00
1.298308870219491595e+00
2.371335315080386752e-01
3.599929120085400974e-02
4.542353891739841533e-03
4.763805480348762039e-04
4.152533154743714831e-05
3.008556927822656198e-06
1.811712974905034855e-07
9.067897275894897387e-09
3.772331279524789344e-10
1.304364870690767757e-11
3.748645730718460267e-13
8.954384523230409215e-15
1.777800881956224871e-16
2.933705604674821000e-18
4.023796233773746893e-20
4.587134402515420537e-22
4.346432970301730824e-24
3.423028726270752853e-26
2.240650589002144651e-28
1.219056309464352529e-30
5.512637461424292046e-33
2.071958886483826573e-35
6.472750561302072178e-38
1.680670760911697931e-40
3.627124427426997207e-43
6.506213340204042281e-46
9.700188670089839678e-49
1.202037728459072003e-51
1.238061027567867935e-54
1.059868640927761339e-57
7.541332134286111286e-61
4.459951440182024859e-64
2.192291136475014456e-67
8.956789380328168208e-71
3.041532992551127694e-74
8.584573783615327157e-78
2.013867900626801438e-81
3.926713881004874322e-85
6.363756764654071405e-89
8.572034726550792724e-93
9.597106359043854633e-97
8.930643022126117504e-101
6.907345635640984367e-105
4.440436688951724853e-109
2.372609213544993416e-113
1.053689806879234069e-117
3.889424818442536003e-122
1.193284554883506196e-126
3.042907101668213915e-131
6.449401349845569748e-136
1.136151249891243147e-140
1.663561776376031814e-145
2.024546478428527231e-150
2.047871047378295552e-155
1.721723854142775096e-160
1.203124091235054778e-165
6.987846972483468641e-171
3.373357619065211697e-176
1.353528544674435732e-181
4.513968143311002274e-187
1.251225528185709475e-192
2.882695295136588707e-198
5.520112364533879488e-204
8.785836822132431099e-210
1.162262923175286484e-215
1.277943550974509330e-221
1.167898212185745998e-227
8.871240488217241867e-234
5.600795911042072491e-240
2.939010777172934220e-246
1.281854244195389046e-252
4.646887396356331100e-259
1.400140725147855999e-265
3.506446871784479319e-272
7.298756486524993722e-279
1.262747511860312667e-285
1.815809168752701744e-292
2.170250794985718873e-299
2.155935080779795634e-306
1.780112585717869952e-313
1.390794793043109022e-320
0.000000000000000000e+00
0.000000000000000000e+00
0.000000000000000000e+00
0.000000000000000000e+00
0.000000000000000000e+00
0.000000000000000000e+00
0.000000000000000000e+00
0.000000000000000000e+00
0.000000000000000000e+00
0.000000000000000000e+00
0.000000000000000000e+00
0.000000000000000000e+00
0.000000000000000000e+00
0.000000000000000000e+00
0.000000000000000000e+00
0.000000000000000000e+00
0.000000000000000000e+00
0.000000000000000000e+00
0.000000000000000000e+00
0.000000000000000000e+00
0.000000000000000000e+00
0.000000000000000000e+00
0.000000000000000000e+00
0.000000000000000000e+00
0.000000000000000000e+00
0.000000000000000000e+00
0.000000000000000000e+00
0.000000000000000000e+00
0.000000000000000000e+00
0.000000000000000000e+00
0.000000000000000000e+00
0.000000000000000000e+00
0.000000000000000000e+00
0.000000000000000000e+00
0.000000000000000000e+00
0.000000000000000000e+00
0.000000000000000000e+00
0.000000000000000000e+00
0.000000000000000000e+00
0.000000000000000000e+00
0.000000000000000000e+00
0.000000000000000000e+00
0.000000000000000000e+00
0.000000000000000000e+00
0.000000000000000000e+00
0.000000000000000000e+00
0.000000000000000000e+00
0.000000000000000000e+00
0.000000000000000000e+00
0.000000000000000000e+00
0.000000000000000000e+00
0.000000000000000000e+00
0.000000000000000000e+00
0.000000000000000000e+00
0.000000000000000000e+00
0.000000000000000000e+00
0.000000000000000000e+00
0.000000000000000000e+00
0.000000000000000000e+00
0.000000000000000000e+00
0.000000000000000000e+00
0.000000000000000000e+00
0.000000000000000000e+00
0.000000000000000000e+00
0.000000000000000000e+00
0.000000000000000000e+00
0.000000000000000000e+00
0.000000000000000000e+00
0.000000000000000000e+00
0.000000000000000000e+00
0.000000000000000000e+00
0.000000000000000000e+00
0.000000000000000000e+00
0.000000000000000000e+00
0.000000000000000000e+00
