1.291946767948546147e-68
6.858401385842399121e-66
3.218537210459572021e-63
1.335215999982073549e-60
4.896681747525437443e-58
1.587484840386544535e-55
4.549615052865358360e-53
1.152648992362423845e-50
2.581528090450755634e-48
5.111095463104591217e-46
8.945579660905523411e-44
1.384077280184941903e-41
1.893082536917295644e-39
2.288948999599457865e-37
2.446583488760889669e-35
2.311752426360491224e-33
1.930989717264781434e-31
1.425856952080873287e-29
9.307419981799680288e-28
5.370812885909303845e-26
2.739732052571038895e-24
1.235473732886418213e-22
4.925114137261638653e-21
1.735627169689747713e-19
5.406969724694601274e-18
1.489048327096836722e-16
3.625108466300345430e-15
7.801723877002682939e-14
1.484285697744583685e-12
2.496328800683001578e-11
3.711448419664521013e-10
4.878007105409014776e-09
5.667594696757388841e-08
5.821199713148417508e-07
5.285469495055385401e-06
4.242403763541523687e-05
3.010216871107847768e-04
1.888169286142366834e-03
1.046987338598710099e-02
5.132149369263816485e-02
2.223896151928995979e-01
8.518969752354446090e-01
2.884808615791194075e+00
8.635834166732509587e+00
2.285330095774687109e+01
5.346270656048671555e+01
1.105631238758681434e+02
2.021282508847284589e+02
3.266638619739373439e+02
4.666943292919876285e+02
5.894151750066398563e+02
6.580629793108411150e+02
6.494877483089840098e+02
5.666720914947013625e+02
4.370690385856160560e+02
2.980064188239954888e+02
1.796215963285114299e+02
9.570813252091731727e+01
4.508130611786265973e+01
1.877160881953489380e+01
6.909774238479891473e+00
2.248451778826338288e+00
6.467860661937686606e-01
1.644731802195227022e-01
3.697318654226416229e-02
7.347439713484592468e-03
1.290751201718241641e-03
2.004501576460770941e-04
2.751868161596779651e-05
3.339690355305578816e-06
3.582961474905769967e-07
3.398094341372073285e-08
2.848958236617756983e-09
2.111514611732569593e-10
1.383437222890643660e-11
8.012760825473297510e-13
4.102629135055699582e-14
1.856947808065199049e-15
7.430097153456126287e-17
2.628128796400497737e-18
8.217811108740549224e-20
2.271553770569404754e-21
5.550693487237898389e-23
1.199026627221739093e-24
2.289642969521461318e-26
3.865129623914775818e-28
5.767899932044091230e-30
7.609020047377842151e-32
8.873543790491606863e-34
9.147929790008155726e-36
8.336925219808640578e-38
6.716551461201500739e-40
4.783482005251192496e-42
3.011613947944564609e-44
1.676145874717868568e-46
8.246728227442293291e-49
3.586814443411719046e-51
1.379092811230374818e-53
4.687436923807214903e-56
1.408428278116527004e-58
3.741031740453371563e-61
8.784264558587975452e-64
1.823378285859039090e-66
3.345842608131564736e-69
5.427397042538704526e-72
7.782785072149011806e-75
9.865880212778375730e-78
1.105589731527662606e-80
1.095240543388723823e-83
9.591408432798147493e-87
7.425276242931056458e-90
5.081596801605036235e-93
3.074292234798096684e-96
1.644172766826628515e-99
7.773330091941013791e-103
3.248808609490747791e-106
1.200324033498374427e-109
3.920398674372138315e-113
1.131929354906611834e-116
2.889121255183114183e-120
6.518828765263846944e-124
1.300261592753133201e-127
2.292710675109282701e-131
3.573757905368906653e-135
4.924457144958385313e-139
5.998586876094652807e-143
6.459470230094245308e-147
6.148967624425301089e-151
5.174458034632356245e-155
3.849327737994209794e-159
2.531408689954662016e-163
1.471624472739568306e-167
7.562912809347065408e-172
3.435884395705714181e-176
1.379892804214890391e-180
4.899023403082467465e-185
1.537556330395222881e-189
4.265892573903882931e-194
1.046275728984110469e-198
2.268505019182670008e-203
4.348011614201374968e-208
7.367141371579277227e-213
1.103480516557906914e-217
1.461126079666230273e-222
1.710283370340975421e-227
1.769725100731797613e-232
1.618828739064157027e-237
1.309041328958781733e-242
9.357571799771665977e-248
5.913305754252116303e-253
3.303352044929386023e-258
1.631310913690204329e-263
7.121573828438834836e-269
2.748353408293019976e-274
9.376192852291829069e-280
2.827729370885630997e-285
7.538874461281618482e-291
1.776775419600353930e-296
3.701825313037433373e-302
6.817994734972557949e-308
1.110081238912198512e-313
1.608430710036178125e-319
0.000000000000000000e+00
0.000000000000000000e+00
0.000000000000000000e+00
0.000000000000000000e+00
0.000000000000000000e+00
0.000000000000000000e+00
0.000000000000000000e+00
0.000000000000000000e+00
0.000000000000000000e+00
0.000000000000000000e+00
0.000000000000000000e+00
0.000000000000000000e+00
0.000000000000000000e+00
0.000000000000000000e+00
0.000000000000000000e+00
0.000000000000000000e+00
0.000000000000000000e+00
0.000000000000000000e+00
0.000000000000000000e+00
0.000000000000000000e+00
0.000000000000000000e+00
0.000000000000000000e+00
0.000000000000000000e+00
0.000000000000000000e+00
0.000000000000000000e+00
0.000000000000000000e+00
0.000000000000000000e+00
0.000000000000000000e+00
0.000000000000000000e+00
0.000000000000000000e+00
0.000000000000000000e+00
0.000000000000000000e+00
0.000000000000000000e+00
0.000000000000000000e+00
0.000000000000000000e+00
0.000000000000000000e+00
0.000000000000000000e+00
0.000000000000000000e+00
