1.211050157719877873e+01
2.326612341646133331e+01
1.198110674470677850e+01
1.792594501098277249e+01
3.779538890915512184e+01
2.160115909134517764e+01
1.806584023314665899e+01
1.887479266317580695e+01
2.397291547458169703e+01
1.268067438294260540e+01
9.959243948801089985e+00
3.048828800286264595e+01
1.870066273850695282e+01
1.329304723761622142e+01
1.940150988864440507e+01
2.190287818275129084e+01
8.929839160867468095e+00
2.407590792364797494e+01
9.675618405650782350e+00
1.393437438689143093e+01
1.174460618296348535e+01
2.135840625239334045e+01
2.117804173684377034e+01
2.278534047396945184e+01
3.085302750737277222e+01
2.736821796841391219e+01
2.981946820991014846e+01
1.900912507782839356e+01
1.139423822634126893e+01
1.691296370013566275e+01
2.846421125654868689e+01
1.642351365364649496e+01
1.154568575982269962e+01
1.426726393720530872e+01
2.535370304381442352e+01
9.930282888207402792e+00
4.344549763395070130e+01
