3.089592591863959292e+00
3.627592875870403244e+00
4.241027520573362075e+00
4.936951560424443386e+00
5.722448154463855019e+00
6.604502247322736608e+00
7.589856118985017552e+00
8.684847939339958245e+00
9.895235164689541563e+00
1.122600537789266362e+01
1.268117795677852655e+01
1.426360072733607609e+01
1.597474648575308009e+01
1.781451492079056109e+01
1.978104599824790100e+01
2.187055124592009392e+01
2.407716956642927997e+01
2.639285417695314706e+01
2.880729700591139419e+01
3.130789635206057753e+01
3.387977282605173457e+01
3.650583755430103139e+01
3.916691534795906904e+01
4.184192405596032671e+01
4.450810967249257288e+01
4.714133500841428770e+01
4.971641792482628119e+01
5.220751333358094826e+01
5.458853146622188035e+01
5.683358337258810877e+01
5.891744330309450106e+01
6.081601661816835502e+01
6.250680120831950148e+01
6.396933013989105632e+01
6.518558339034782989e+01
6.614035711153307773e+01
6.682157985001306599e+01
6.722056653253700631e+01
6.733220274649643500e+01
6.715505384917344145e+01
6.669139565164282146e+01
6.594716575987169449e+01
6.493183702745885455e+01
6.365821689053951360e+01
6.214217852722743629e+01
6.040233172988851607e+01
5.845964302733707285e+01
5.633701588816418848e+01
5.405884273440460674e+01
5.165054097281906564e+01
4.913808530374907946e+01
4.654754820730436649e+01
4.390465976294128581e+01
4.123439687544795618e+01
3.856061061434783710e+01
3.590569879014007171e+01
3.329032916061706970e+01
3.073321685675313830e+01
2.825095781200954548e+01
2.585791823843736736e+01
2.356617857749245459e+01
2.138552891335611150e+01
1.932351161106654658e+01
1.738550595829406831e+01
1.557484886330203899e+01
1.389298519591604553e+01
1.233964114563662129e+01
1.091301399433562125e+01
9.609971935360162476e+00
8.426257985512107140e+00
7.356692596485874702e+00
6.395370241195574401e+00
5.535845991121916221e+00
4.771308877997923581e+00
4.094739614354592661e+00
3.499051004126215947e+00
2.977210082837413729e+00
2.522341668129132852e+00
2.127813562039330808e+00
1.787304118136427755e+00
1.494853265637849260e+00
1.244898369553235851e+00
1.032296504733041465e+00
8.523348393586437366e-01
7.007308688381646000e-01
5.736242245903392378e-01
4.675617148163322412e-01
3.794771471915199257e-01
3.066673471815117291e-01
2.467656303501399584e-01
1.977138214702928998e-01
1.577337451166472004e-01
1.252989480210084661e-01
9.910725776458240155e-02
7.805463902717282854e-02
6.121068007348101636e-02
4.779592983217925695e-02
3.716121031036739158e-02
2.876894994199339500e-02
2.217651997822412888e-02
1.702150695788173448e-02
1.300881813889372303e-02
9.899491866931493453e-03
7.501069495244093097e-03
5.659377972687886123e-03
4.251571001721428551e-03
3.180280288551659736e-03
2.368735581704691645e-03
1.756721818396847403e-03
1.297252844919415289e-03
9.538530955009208142e-04
6.983507118853308831e-04
5.090974152223796132e-04
3.695416801369908128e-04
2.670921912384104937e-04
1.922180549220985481e-04
1.377407332356372655e-04
9.828015390797916276e-05
6.982396235190812227e-05
4.939447547781489840e-05
3.479264859220253708e-05
2.440235992464268987e-05
1.704164018404213195e-05
1.185021362306097074e-05
8.204954792574459141e-06
5.656677648738320297e-06
3.883129677353250125e-06
2.654224065276889865e-06
1.806460609413720673e-06
1.224206369211864737e-06
8.260683795133912031e-07
5.550250533977902986e-07
3.713166308630889565e-07
2.473497298039314881e-07
1.640641543937522474e-07
1.083555581887759622e-07
7.125640506307933735e-08
4.665861547181867383e-08
3.042110689652026381e-08
1.974937707357798822e-08
1.276635793216886202e-08
8.217048617162411840e-09
5.266231197526282351e-09
3.360618483148514289e-09
2.135372900308336468e-09
1.351025254121328525e-09
8.511153684983269130e-10
5.338861113054383943e-10
3.334602249068893694e-10
2.073837290747942521e-10
1.284223300462478184e-10
7.918476574529460048e-11
4.861585771934925934e-11
2.972004710834934776e-11
1.809073698988249342e-11
1.096473780642734515e-11
6.617218382989478054e-12
3.976380259864072874e-12
2.379225335360886586e-12
1.417484986198377977e-12
8.408849594142287607e-13
4.966951581818499524e-13
2.921315705691630631e-13
1.710811991939521760e-13
9.976111697865737766e-14
5.792359996134922624e-14
3.348767629995260814e-14
1.927745533866305266e-14
1.104967802514158286e-14
6.306447231861368048e-15
3.583893818278440494e-15
2.027966269169693110e-15
1.142619273312413481e-15
6.410288689657087804e-16
3.580872492232851063e-16
1.991752405651090965e-16
1.103105548241053154e-16
6.083226857655807592e-17
3.340305444248745371e-17
1.826306123438601481e-17
9.942513612275663346e-18
5.389569024617361271e-18
2.909022682163104145e-18
1.563419058529837489e-18
8.366405716606556179e-19
4.457975380609383601e-19
2.365220504682554540e-19
1.249513147185850790e-19
6.572721790366948101e-20
3.442586765284918487e-20
1.795393980807069269e-20
9.323304316016635246e-21
4.820756330409815689e-21
2.481965415270805329e-21
1.272364361072245373e-21
6.494750792253012443e-22
3.301024230790402277e-22
1.670591079242851445e-22
8.418347110194506957e-23
4.223949573411213351e-23
2.110308002919978493e-23
1.049803924825562035e-23
5.200028972862694736e-24
2.564711739926781310e-24
1.259524388517565130e-24
6.158994664754771753e-25
2.998805506148610864e-25
1.453858019594434620e-25
7.018283677421067186e-26
3.373456118967704091e-26
1.614560924345128129e-26
7.694298570199004841e-27
3.651059050103967184e-27
1.725058806113977998e-27
8.115666218013167207e-28
3.801716035674056917e-28
1.773251751238543369e-28
8.235620866062036605e-29
3.808531204431426023e-29
1.753694404648239366e-29
8.040545974296301136e-30
3.670729548295854736e-30
1.668608536792423705e-30
7.552517837170483339e-31
3.403801953796723062e-31
1.527467687902365534e-31
6.825194085140598826e-32
3.036639274142026844e-32
1.345261237772311527e-32
5.934105699238435480e-33
2.606388507411800413e-33
1.139877683990271609e-33
4.963780581662555312e-34
2.152296628050211185e-34
9.292378684538937563e-35
3.994725111921686704e-35
1.709944932645198078e-35
7.288070658002993190e-36
3.092988103155831883e-36
1.307010720179580845e-36
5.499399564952562739e-37
2.304022019668709642e-37
9.611544938760780162e-38
3.992408774522386228e-38
1.651246944891145894e-38
6.800240585866248878e-39
2.788507094708635677e-39
1.138556153353549833e-39
4.628842255682729957e-40
1.873809912779925692e-40
7.552903021394001366e-41
3.031359959705093455e-41
1.211424454635847616e-41
4.820481139722758480e-42
1.909939738206034515e-42
7.535015787399605423e-43
2.959946718945074266e-43
1.157760812388411913e-43
4.509091235175528409e-44
1.748615907769711054e-44
6.752040713911932945e-45
2.596037160687819039e-45
9.938526096137142602e-46
3.788508666663641823e-46
1.437969957962625418e-46
5.434587252489049253e-47
2.045118812771784430e-47
7.663122125200694216e-48
2.859092294420848742e-48
1.062149938660303584e-48
3.928969946115989312e-49
1.447127545722822412e-49
5.307257249117982102e-50
1.938066579967275469e-50
7.046970792277538216e-51
2.551358431419821024e-51
9.197625119491378690e-52
3.301529320880300772e-52
1.180021276163074312e-52
4.199520853790295076e-53
1.488143705269513287e-53
5.250796973231217335e-54
1.844763961709538668e-54
6.453444963940910399e-55
2.247903381120314211e-55
7.796485859280608784e-56
2.692497914745834626e-56
9.258637503347823235e-57
3.170107656899994077e-57
1.080777180721577427e-57
3.668880335694949566e-58
1.240126970283514610e-58
4.173822571691661482e-59
1.398740143413594098e-59
4.667403205130504251e-60
1.550775124957282318e-60
5.130474782292137107e-61
1.690057627877711695e-61
5.543457150089214123e-62
1.810485709966520851e-62
5.887687254835056874e-63
1.906468304979683847e-63
6.146808332077877489e-64
1.973353899257293870e-64
6.308055564222931815e-65
2.007803778582111377e-65
6.363297812698041140e-66
2.008068190877890951e-66
6.309717118302561246e-67
1.974133628468175301e-67
6.150046921037896160e-68
1.907723971630293054e-68
5.892340965169160360e-69
1.812155358669374243e-69
5.549300087636720338e-70
1.692061791548887292e-70
5.137235227862997389e-71
1.553023081317187613e-71
4.674784482625854554e-72
1.401136679432559290e-72
4.181524406356529869e-73
1.242578957422418929e-73
3.676618588438250654e-74
1.083199342092494930e-74
3.177630692339456623e-75
9.281831515459026190e-76
2.699598418740446077e-76
7.818075757883090923e-77
2.254425089000240131e-77
6.473020293223005686e-78
1.850603389421991802e-78
5.268111558121178086e-79
1.493247505644279174e-79
4.214478648815250005e-80
1.184380212763619289e-80
3.314161388805614339e-81
9.234032285008942747e-82
2.561794854875208390e-82
7.076728507768756186e-83
1.946506889718220111e-83
5.331072404767455794e-84
1.453812644664828038e-84
3.947639881259781400e-85
1.067337673522648157e-85
2.873434984340207801e-86
7.702578557245427881e-87
2.055919580115345502e-87
5.464008095911216500e-88
1.445944989704286810e-88
3.810021552824443019e-89
9.996277855518078032e-90
2.611466332022542591e-90
6.793064967725748942e-91
1.759471879738526195e-91
4.537682628167361713e-92
1.165255414923890803e-92
2.979499845163527470e-93
7.585790242922234122e-94
1.923063023422516896e-94
4.854242073078071137e-95
1.220069492734298819e-95
3.053394583681506295e-96
7.608806136550794928e-97
1.887927584917655842e-97
4.664331087939052410e-98
1.147436428716207052e-98
2.810626406098826002e-99
6.855084866446061089e-100
1.664783544427109696e-100
4.025667840545262111e-101
9.692890958503151226e-102
2.323827790526071694e-102
5.547403806741264874e-103
1.318593238422426368e-103
3.120808597314950527e-104
7.354593068908741251e-105
1.725779825102857226e-105
4.032249087189995762e-106
9.380900768339840646e-107
2.173086214861598017e-107
5.012387021093044847e-108
1.151191201922797353e-108
2.632604091676715722e-109
5.994581474250690943e-110
1.359150056652136580e-110
3.068394340384082132e-111
6.897475453309063561e-112
1.543847430315586711e-112
3.440755557621678683e-113
7.635517659246075348e-114
1.687168183448247050e-114
3.712047227344244844e-115
8.132121040943081702e-116
1.773901089615210800e-116
3.852921776485775656e-117
8.332708865789528851e-118
1.794392519195729928e-118
3.847546849699573574e-119
8.214584635671662671e-120
1.746314763074522255e-120
3.696533679988892193e-121
7.791158412236816427e-122
1.635101160934539038e-122
3.416822704172032640e-123
7.109441528003634102e-124
1.472935584066222947e-124
3.038556015292208739e-125
6.241456739142014701e-126
1.276556106817476593e-126
2.599734966676445618e-127
5.271733757172780456e-128
1.064420148570735943e-128
2.139971207263350126e-129
4.283886920485652188e-130
8.538926827259053210e-131
1.694742850949594235e-131
3.349188214385626565e-132
6.590381008282336028e-133
1.291268976624234214e-133
2.519173829860208569e-134
4.893671131278634601e-135
9.465567337867513403e-136
1.823029698678706833e-136
3.496037345108627394e-137
6.675650751595079101e-138
1.269247677438885157e-138
2.402892667364899223e-139
4.529576428431973990e-140
8.501900871181637297e-141
1.588948081712908046e-141
2.956913378234636982e-142
5.479017940417430057e-143
1.010885734487509266e-143
1.857105765786017349e-144
3.397085158551855824e-145
6.187446469230940205e-146
1.122152032607402096e-146
2.026409306670052532e-147
3.643660188011321470e-148
6.523546892131572555e-149
1.162960421200296593e-149
2.064340371850337693e-150
3.648655857458227182e-151
6.421252148163120298e-152
1.125231213070004225e-152
1.963355947767056225e-153
3.411077127170962417e-154
5.900913673193451562e-155
1.016441078380679165e-155
1.743333117769345555e-156
2.977239537254881319e-157
5.062702411860365416e-158
8.572080633160894912e-159
1.445191239079919950e-159
2.426049277018803014e-160
4.055170703215960699e-161
6.749224720520501387e-162
1.118494522347544953e-162
1.845648778753468666e-163
3.032490736442387969e-164
4.961181678459422971e-165
8.081761029861781552e-166
1.310877481518649268e-166
2.117158764717126803e-167
3.404708817853398551e-168
5.451823023311786698e-169
8.692380889177355662e-170
1.379974217310130503e-170
2.181415634768860253e-171
3.433531972050805773e-172
5.381198285339444006e-173
8.397540742834494273e-174
1.304849637314875397e-174
2.018849961348576572e-175
3.110160802621426079e-176
4.770862154084461672e-177
7.286955519389738967e-178
1.108231763849921769e-178
1.678225415360161014e-179
2.530493459585030222e-180
3.799228107293050799e-181
5.679639162391496993e-182
8.454371852930982774e-183
1.253075305669306121e-183
1.849303630541321648e-184
2.717530945210278705e-185
3.976271214938719614e-186
5.793122677580449374e-187
8.403973545695921883e-188
1.213924992956832638e-188
1.745959858027960132e-189
2.500413764815014126e-190
3.565535236286576308e-191
5.062590612431696238e-192
7.157413553527769546e-193
1.007568631835231281e-193
1.412304654593815055e-194
1.971139530433436477e-195
2.739312441098458823e-196
3.790539244232080716e-197
