1.971487977499926111e-26
1.334702044205198251e-23
6.455887315836377319e-21
2.231048340501510614e-18
5.508627963484184157e-16
9.717606917217212684e-14
1.224775910914111175e-11
1.102898046635819831e-09
7.095704519242011314e-08
3.261648077211785394e-06
1.071174193137547636e-04
2.513416866921336455e-03
4.213571545041540356e-02
5.046817995344776708e-01
4.318832258263396895e+00
2.640562511895057796e+01
1.153474487387587288e+02
3.599987197258237757e+02
8.027408102717670317e+02
1.278883993741729682e+03
1.455688276446818236e+03
1.183823726732187652e+03
6.878395107656247092e+02
2.855410951481914026e+02
8.468988555475414159e+01
1.794634012016925340e+01
2.717075245245139659e+00
2.939062762098222370e-01
2.271420170409385597e-02
1.254202086493976962e-03
4.947878003491569754e-05
1.394607094532255664e-06
2.808446664348845994e-08
4.040749371398987632e-10
4.153737723342640173e-12
3.050686993888786337e-14
1.600802129944395917e-16
6.001489900573294107e-19
1.607540520796658311e-21
3.076424074711117971e-24
4.206412863488366197e-27
4.109216427127936151e-30
2.868055541784860862e-33
1.430202465936298868e-36
5.095524694973968367e-40
1.297064944891010467e-43
2.358934904298611830e-47
3.065149164540486165e-51
2.845566208986438010e-55
1.887414116458927748e-59
8.944315829523844590e-64
3.028366799446439469e-68
7.325735762177311510e-73
1.266121682665300252e-77
1.563439449049360264e-82
1.379329767388949789e-87
8.694339103097892013e-93
3.915493109544765053e-98
1.259846913568692209e-103
2.896213088374333820e-109
4.756907105732569794e-115
5.582133931539121423e-121
4.680122893551084940e-127
2.803468529646509733e-133
1.199818451626586141e-139
3.668738953364463216e-146
8.014925843289362593e-153
1.251018203616499325e-159
1.395112317166354615e-166
1.111568266934130293e-173
6.327680321379630859e-181
2.573560270579059385e-188
7.478346434395696222e-196
1.552595201532924758e-203
2.302991432732679674e-211
2.440663061336477690e-219
1.848011874034703946e-227
9.997308861155416169e-236
3.864051312518760223e-244
1.067048312973959119e-252
2.105264684031305290e-261
2.967636814743355557e-270
2.988795619534958192e-279
2.150617171982902646e-288
1.105634096744812633e-297
4.061076410236710642e-307
1.065778549769774227e-316
0.000000000000000000e+00
0.000000000000000000e+00
0.000000000000000000e+00
0.000000000000000000e+00
0.000000000000000000e+00
0.000000000000000000e+00
0.000000000000000000e+00
0.000000000000000000e+00
0.000000000000000000e+00
0.000000000000000000e+00
0.000000000000000000e+00
0.000000000000000000e+00
0.000000000000000000e+00
0.000000000000000000e+00
0.000000000000000000e+00
0.000000000000000000e+00
0.000000000000000000e+00
0.000000000000000000e+00
0.000000000000000000e+00
0.000000000000000000e+00
0.000000000000000000e+00
0.000000000000000000e+00
0.000000000000000000e+00
0.000000000000000000e+00
0.000000000000000000e+00
0.000000000000000000e+00
0.000000000000000000e+00
0.000000000000000000e+00
0.000000000000000000e+00
0.000000000000000000e+00
0.000000000000000000e+00
0.000000000000000000e+00
0.000000000000000000e+00
0.000000000000000000e+00
0.000000000000000000e+00
0.000000000000000000e+00
0.000000000000000000e+00
0.000000000000000000e+00
0.000000000000000000e+00
0.000000000000000000e+00
0.000000000000000000e+00
0.000000000000000000e+00
0.000000000000000000e+00
0.000000000000000000e+00
0.000000000000000000e+00
0.000000000000000000e+00
0.000000000000000000e+00
0.000000000000000000e+00
0.000000000000000000e+00
0.000000000000000000e+00
0.000000000000000000e+00
0.000000000000000000e+00
0.000000000000000000e+00
0.000000000000000000e+00
0.000000000000000000e+00
0.000000000000000000e+00
0.000000000000000000e+00
0.000000000000000000e+00
0.000000000000000000e+00
0.000000000000000000e+00
0.000000000000000000e+00
0.000000000000000000e+00
0.000000000000000000e+00
0.000000000000000000e+00
0.000000000000000000e+00
0.000000000000000000e+00
0.000000000000000000e+00
0.000000000000000000e+00
0.000000000000000000e+00
0.000000000000000000e+00
0.000000000000000000e+00
0.000000000000000000e+00
0.000000000000000000e+00
0.000000000000000000e+00
0.000000000000000000e+00
0.000000000000000000e+00
0.000000000000000000e+00
0.000000000000000000e+00
0.000000000000000000e+00
0.000000000000000000e+00
0.000000000000000000e+00
0.000000000000000000e+00
0.000000000000000000e+00
0.000000000000000000e+00
0.000000000000000000e+00
0.000000000000000000e+00
0.000000000000000000e+00
0.000000000000000000e+00
0.000000000000000000e+00
0.000000000000000000e+00
0.000000000000000000e+00
0.000000000000000000e+00
0.000000000000000000e+00
0.000000000000000000e+00
0.000000000000000000e+00
0.000000000000000000e+00
0.000000000000000000e+00
0.000000000000000000e+00
0.000000000000000000e+00
0.000000000000000000e+00
0.000000000000000000e+00
0.000000000000000000e+00
0.000000000000000000e+00
0.000000000000000000e+00
0.000000000000000000e+00
0.000000000000000000e+00
0.000000000000000000e+00
0.000000000000000000e+00
0.000000000000000000e+00
0.000000000000000000e+00
0.000000000000000000e+00
0.000000000000000000e+00
0.000000000000000000e+00
