3.006045064697496575e-11
3.501026196848200159e-11
4.075820357565411668e-11
4.743015109133086085e-11
5.517137177386560865e-11
6.414943812223353066e-11
7.455756769217692686e-11
8.661844969913890556e-11
1.005886273279720730e-10
1.167635141242889457e-10
1.354831335502364328e-10
1.571386829082586733e-10
1.821800365492919541e-10
2.111243187880828757e-10
2.445656944733333461e-10
2.831865449565361525e-10
3.277702195538112235e-10
3.792155778156790631e-10
4.385535663646914248e-10
5.069661061255018291e-10
5.858076018977747609e-10
6.766294269027339830e-10
7.812077807189198029e-10
9.015753705251594507e-10
1.040057423472886482e-09
1.199312603076259541e-09
1.382379475584130108e-09
1.592729254327084053e-09
1.834325642059234525e-09
2.111692694507163191e-09
2.429991743984938980e-09
2.795108551471683589e-09
3.213752000566082095e-09
3.693565808991775446e-09
4.243254914783412971e-09
4.872728397093405916e-09
5.593261018115863895e-09
6.417675725570281054e-09
7.360549737439915153e-09
8.438447145443808406e-09
9.670181324598038412e-09
1.107711082709969859e-08
1.268347287399068572e-08
1.451675904236404796e-08
1.660813828451631214e-08
1.899293301419215802e-08
2.171115466021832306e-08
2.480810582637935901e-08
2.833505701594606384e-08
3.235000678822085280e-08
3.691853522200400219e-08
4.211476167704195487e-08
4.802241908031687773e-08
5.473605833154954700e-08
6.236239793458658428e-08
7.102183563296098301e-08
8.085014067438227884e-08
9.200034736748309155e-08
1.046448728434698177e-07
1.189778844156222964e-07
1.352179446631928590e-07
1.536109653770707358e-07
1.744335048188239570e-07
1.979964463909314320e-07
2.246491008248234332e-07
2.547837783983651561e-07
2.888408825319283869e-07
3.273145814210976968e-07
3.707591201874568120e-07
4.197958424119282077e-07
4.751209969080239735e-07
5.375144132482692950e-07
6.078491379337280131e-07
6.871021322563859243e-07
7.763661429137133834e-07
8.768628673665449340e-07
9.899575478622965876e-07
1.117175141059230901e-06
1.260218224372562844e-06
1.420986815615833989e-06
1.601600299333113250e-06
1.804421671518675735e-06
2.032084334318816975e-06
2.287521693929108255e-06
2.573999838374048785e-06
2.895153597326717501e-06
3.255026313744952153e-06
3.658113687028461113e-06
4.109412079810217799e-06
4.614471715566131015e-06
5.179455232151676861e-06
5.811202097358594608e-06
6.517299436842214513e-06
7.306159872529863733e-06
8.187107021123474416e-06
9.170469357808187411e-06
1.026768321003999842e-05
1.149140571059095409e-05
1.285563860817273593e-05
1.437586390824959670e-05
1.606919239641092467e-05
1.795452618224161202e-05
2.005273649335642089e-05
2.238685804751919465e-05
2.498230143593649306e-05
2.786708506328669196e-05
3.107208831023911607e-05
3.463132771255353993e-05
3.858225808777274223e-05
4.296610068647775232e-05
4.782820060053582649e-05
5.321841582621401542e-05
5.919154055593615660e-05
6.580776545934112357e-05
7.313317791264957099e-05
8.124030534568370276e-05
9.020870509872861819e-05
1.001256044173005189e-04
1.110865944623215990e-04
1.231963824767073196e-04
1.365696065274785913e-04
1.513317175357373613e-04
1.676199336156807050e-04
1.855842720687740893e-04
2.053886647207260596e-04
2.272121626474855871e-04
2.512502367124821437e-04
2.777161807312491485e-04
3.068426244916541224e-04
3.388831642886172167e-04
3.741141190816863415e-04
4.128364208523309874e-04
4.553776482255622311e-04
5.020942129274497817e-04
5.533737091764878409e-04
6.096374366523421096e-04
6.713431082501714400e-04
7.389877544123096180e-04
8.131108364311315229e-04
8.942975817369670354e-04
9.831825548224952180e-04
1.080453478109160217e-03
1.186855317731144678e-03
1.303194649897155980e-03
1.430344324188657966e-03
1.569248440863405545e-03
1.720927659954339791e-03
1.886484860683570108e-03
2.067111170447812063e-03
2.264092383372774599e-03
2.478815789177342063e-03
2.712777433830974600e-03
2.967589834226989649e-03
3.244990169826896583e-03
3.546848974952915724e-03
3.875179356113777653e-03
4.232146759439309180e-03
4.620079313966193348e-03
5.041478777157533918e-03
5.499032109647111755e-03
5.995623706768601381e-03
6.534348314958115730e-03
7.118524661594933557e-03
7.751709827268124520e-03
8.437714389815329993e-03
9.180618369771676585e-03
9.984788007078764308e-03
1.085489339903404626e-02
1.179592702949656090e-02
1.281322321930224162e-02
1.391247852766825180e-02
1.509977313407411502e-02
1.638159322969037074e-02
1.776485444686791426e-02
1.925692635450292761e-02
2.086565804623207940e-02
2.259940484739192401e-02
2.446705616547404510e-02
2.647806450742630491e-02
2.864247568556486934e-02
3.097096023207639506e-02
3.347484604008094805e-02
3.616615224700046177e-02
3.905762437350208255e-02
4.216277072857620156e-02
4.549590008833565014e-02
4.907216065288580453e-02
5.290758028211020592e-02
5.701910800741964713e-02
6.142465681243765296e-02
6.614314767121054484e-02
7.119455482786132827e-02
7.659995229660773730e-02
8.238156155577096296e-02
8.856280040378408658e-02
9.516833293926707515e-02
1.022241206209918013e-01
1.097574743569725148e-01
1.177971075650328797e-01
1.263731901399790525e-01
1.355174032550047480e-01
1.452629949171063972e-01
1.556448361881852260e-01
1.666994779750749778e-01
1.784652082830756326e-01
1.909821098186000043e-01
2.042921178173541241e-01
2.184390779650510206e-01
2.334688042680032605e-01
2.494291367211541599e-01
2.663699986110916185e-01
2.843434532815037885e-01
3.034037601782863525e-01
3.236074299812629063e-01
3.450132786191084655e-01
3.676824799537881661e-01
3.916786169104767845e-01
4.170677308188016630e-01
4.439183687211019080e-01
4.723016283935471682e-01
5.022912008162671027e-01
5.339634098192266309e-01
5.673972486215628219e-01
6.026744129733591082e-01
6.398793306006584913e-01
6.790991866466927762e-01
7.204239447952631714e-01
7.639463637555647946e-01
8.097620087819553669e-01
8.579692578970420369e-01
9.086693024822687370e-01
9.619661418967264677e-01
1.017966571782549456e+00
1.076780165713864923e+00
1.138519249845896919e+00
1.203298870221785055e+00
1.271236752396640357e+00
1.342453253041784977e+00
1.417071303196731247e+00
1.495216342842669466e+00
1.577016246478658790e+00
1.662601239390869123e+00
1.752103804315725322e+00
1.845658578210193967e+00
1.943402238856154929e+00
2.045473381041443606e+00
2.152012382077410635e+00
2.263161256431752033e+00
2.379063499276308224e+00
2.499863918771876747e+00
2.625708456936531654e+00
2.756743998969885201e+00
2.893118170933825617e+00
3.034979125719589277e+00
3.182475317262658532e+00
3.335755262999668069e+00
3.494967294596617702e+00
3.660259297013592761e+00
3.831778436009237065e+00
4.009670874227542647e+00
4.194081476049960067e+00
4.385153501438284529e+00
4.583028289036483294e+00
4.787844928844318559e+00
4.999739924820532089e+00
5.218846847819884616e+00
5.445295979314775714e+00
5.679213946399889856e+00
5.920723348625710258e+00
6.169942377255369870e+00
6.426984427586788229e+00
6.691957705030486814e+00
6.964964825681061455e+00
7.246102412167251039e+00
7.535460685612584086e+00
7.833123054583690958e+00
8.139165701948234855e+00
8.453657170607256077e+00
8.776657949108859214e+00
9.108220058189582247e+00
9.448386639328079539e+00
9.797191546430932263e+00
1.015465894180450945e+01
1.052080289759657461e+01
1.089562700391966743e+01
1.127912398489290524e+01
1.167127532385992339e+01
1.207205089905939843e+01
1.248140863103804676e+01
1.289929414310714151e+01
1.332564043614929972e+01
1.376036757908539521e+01
1.420338241630847342e+01
1.465457829338571472e+01
1.511383480231733856e+01
1.558101754762674496e+01
1.605597793453419797e+01
1.653855298044152278e+01
1.702856515092468825e+01
1.752582222139500701e+01
1.803011716555035449e+01
1.854122807169114751e+01
1.905891808792618392e+01
1.958293539723732835e+01
2.011301322331284780e+01
2.064886986799304580e+01
2.119020878110294248e+01
2.173671866337255665e+01
2.228807360306602092e+01
2.284393324685944293e+01
2.340394300541931116e+01
2.396773429404373701e+01
2.453492480863455327e+01
2.510511883717071768e+01
2.567790760675429240e+01
2.625286966619633588e+01
2.682957130400580326e+01
2.740756700153658443e+01
2.798639992094017614e+01
2.856560242746039791e+01
2.914469664549653061e+01
2.972319504774910115e+01
3.030060107665243407e+01
3.087640979718569412e+01
3.145010858004488341e+01
3.202117781404910346e+01
3.258909164654635759e+01
3.315331875048041610e+01
3.371332311667585913e+01
3.426856486980013727e+01
3.481850110636380435e+01
3.536258675302898524e+01
3.590027544340652099e+01
3.643102041143956171e+01
3.695427539939173300e+01
3.746949557838590295e+01
3.797613847937115850e+01
3.847366493233440821e+01
3.896154001151847268e+01
3.943923398435938310e+01
3.990622326181525636e+01
4.036199134772443387e+01
4.080602978480411025e+01
4.123783909488157917e+01
4.165692971093951513e+01
4.206282289855297307e+01
4.245505166430093880e+01
4.283316164874785414e+01
4.319671200161224789e+01
4.354527623676824533e+01
4.387844306476321776e+01
4.419581720058072705e+01
4.449702014443025178e+01
4.478169093340775220e+01
4.504948686193858265e+01
4.530008416899161716e+01
4.553317869013609709e+01
4.574848647260395040e+01
4.594574435161678139e+01
4.612471048634053972e+01
4.628516485394001023e+01
4.642690970032072784e+01
4.654976994626547082e+01
4.665359354779804590e+01
4.673825180973602045e+01
4.680363965152719175e+01
4.684967582460129165e+01
4.687630308060746387e+01
4.688348829005000340e+01
4.687122251097802916e+01
4.683952100753002412e+01
4.678842321827903561e+01
4.671799267447081405e+01
4.662831686839185608e+01
4.651950707224927584e+01
4.639169810808731853e+01
4.624504806940651491e+01
4.607973799528991776e+01
4.589597149797701547e+01
4.569397434495732568e+01
4.547399399678460696e+01
4.523629910193589154e+01
4.498117895015870715e+01
4.470894288586320897e+01
4.441991968322403750e+01
4.411445688475839688e+01
4.379292010524221013e+01
4.345569230291513918e+01
4.310317302000643735e+01
4.273577759468832227e+01
4.235393634663026319e+01
4.195809373838692835e+01
4.154870751490327052e+01
4.112624782346438934e+01
4.069119631645209978e+01
4.024404523929840849e+01
3.978529650604368584e+01
3.931546076491934372e+01
3.883505645637684012e+01
3.834460886597972262e+01
3.784464917456255506e+01
3.733571350803875788e+01
3.681834198921174561e+01
3.629307779390700262e+01
3.576046621370043965e+01
3.522105372746712248e+01
3.467538708391894176e+01
3.412401239723591573e+01
3.356747425782756977e+01
3.300631486018504290e+01
3.244107314970565881e+01
3.187228399028621340e+01
3.130047735439161727e+01
3.072617753721285183e+01
3.014990239642949987e+01
2.957216261899302623e+01
2.899346101624234251e+01
2.841429184855873658e+01
2.783514018065767104e+01
2.725648126850738251e+01
2.667877997875245555e+01
2.610249024141044316e+01
2.552805453649713741e+01
2.495590341512581034e+01
2.438645505551458470e+01
2.382011485422638941e+01
2.325727505285820840e+01
2.269831440028849556e+01
2.214359785048845808e+01
2.159347629579963268e+01
2.104828633548181926e+01
2.050835007923780395e+01
1.997397498532945903e+01
1.944545373280931955e+01
1.892306412730720311e+01
1.840706903972825259e+01
1.789771637714286001e+01
1.739523908507512928e+01
1.689985518032801437e+01
1.641176781342037927e+01
1.593116535965077851e+01
1.545822153775028873e+01
1.499309555503615776e+01
1.453593227793513343e+01
1.408686242670479416e+01
1.364600279314823972e+01
1.321345648008729512e+01
1.278931316133603779e+01
1.237364936089582557e+01
1.196652875007939620e+01
1.156800246126115894e+01
1.117810941694514426e+01
1.079687667284194674e+01
1.042431977364817364e+01
1.006044312023046317e+01
9.705240346926855111e+00
9.358694707694239057e+00
9.020779469848688947e+00
8.691458314168583499e+00
8.370685740155375143e+00
8.058407475276009535e+00
7.754560887041569650e+00
7.459075396811368108e+00
7.171872894247722563e+00
6.892868151384915265e+00
6.621969235316758073e+00
6.359077918548452502e+00
6.104090086102829105e+00
5.856896138515185868e+00
5.617381389897420085e+00
5.385426460298262441e+00
5.160907661634306365e+00
4.943697376513951802e+00
4.733664429324795364e+00
4.530674449002641602e+00
4.334590222948755844e+00
4.145272041609416647e+00
3.962578033279119172e+00
3.786364488735637579e+00
3.616486175360684729e+00
3.452796640445325860e+00
3.295148503423011910e+00
3.143393736816328055e+00
2.997383935724779569e+00
2.856970575721710315e+00
2.722005259067063587e+00
2.592339949180396008e+00
2.467827193354108939e+00
2.348320333721463093e+00
2.233673706526303260e+00
2.123742829772391705e+00
2.018384579359494335e+00
1.917457353840548828e+00
1.820821227960100375e+00
1.728338095157862186e+00
1.639871799243516115e+00
1.555288255468906478e+00
1.474455561242607793e+00
1.397244096748433639e+00
1.323526615744769153e+00
