4.092697623807604225e-53
2.636310189337023126e-50
1.435403724002228485e-47
6.606057364772791068e-45
2.569811831107101086e-42
8.449889299801162880e-40
2.348504659250767609e-37
5.517248489509328377e-35
1.095580703318781126e-32
1.838894931649772780e-30
2.608916436264343374e-28
3.128629481973116332e-26
3.171310822732051325e-24
2.717153648621987699e-22
1.967797012041354795e-20
1.204584048264262815e-18
6.232820650178897786e-17
2.725981249870857104e-15
1.007747686835601126e-13
3.148991346502908841e-12
8.317289840053743620e-11
1.856876057075106237e-09
3.504085612096624063e-08
5.589297314374212802e-07
7.535818448915007261e-06
8.588045836094312479e-05
8.272732697595241861e-04
6.735880003275650230e-03
4.635860972887183296e-02
2.696852389135604988e-01
1.326095070897396644e+00
5.511665554982318582e+00
1.936340658350170685e+01
5.750046859673420130e+01
1.443283726512390501e+02
3.062123886639119519e+02
5.491418106152585779e+02
8.324094020831721537e+02
1.066547382278263967e+03
1.155085262669222857e+03
1.057398386113166907e+03
8.181896004575232837e+02
5.351308377794882745e+02
2.958398772944769917e+02
1.382433216586773312e+02
5.460373100796763879e+01
1.823018971981006686e+01
5.144590005827781809e+00
1.227159638052657487e+00
2.474241387291170879e-01
4.216710479725726407e-02
6.074299632654591927e-03
7.396211986820987530e-04
7.612252772585132712e-05
6.622283415927696508e-06
4.869597182121083231e-07
3.026697534550435300e-08
1.590141309785332874e-09
7.061437650644316047e-11
2.650582029062572127e-12
8.409691819563893291e-14
2.255327546678672296e-15
5.112459486179371183e-17
9.795821122373553284e-19
1.586508941886151554e-20
2.171875438539277733e-22
2.513147711900060986e-24
2.458056313127227904e-26
2.032152765837404314e-28
1.420076003340205131e-30
8.387982898323431697e-33
4.187879678753225962e-35
1.767345939066736888e-37
6.304340313449117420e-40
1.900852606327304151e-42
4.844488710040599757e-45
1.043609839735119988e-47
1.900286547383348606e-50
2.924763364455470818e-53
3.804986199439388699e-56
4.184139439975585439e-59
3.889107289740860055e-62
3.055514935022194853e-65
2.029128771927282525e-68
1.139004706570496107e-71
5.404209044191720877e-75
2.167352109309227034e-78
7.347126496517197789e-82
2.105214115085954302e-85
5.098773744558125827e-89
1.043820735725294178e-92
1.806245635469471400e-96
2.641912398379682253e-100
3.266259808307523509e-104
3.413294432455757448e-108
3.015001200409590921e-112
2.251085227656550745e-116
1.420650008268501485e-120
7.578320527694097148e-125
3.417035992118557138e-129
1.302317415323503883e-133
4.195414305496357222e-138
1.142414147736917182e-142
2.629438408603350884e-147
5.115559538703058878e-152
8.412285363016168049e-157
1.169298953123533640e-161
1.373813680581385536e-166
1.364334383907240161e-171
1.145261136266512770e-176
8.126039594906577238e-182
4.873534630101035999e-187
2.470585511618321125e-192
1.058635456695978799e-197
3.834278838067571562e-203
1.173847450944216197e-208
3.037598301900879625e-214
6.644154657509365835e-220
1.228400080877844588e-225
1.919688004958029484e-231
2.535783535421446225e-237
2.831290395523247237e-243
2.672067133983215987e-249
2.131577004866673190e-255
1.437293293854697869e-261
8.191821559007652659e-268
3.946447043532752493e-274
1.607025569709955459e-280
5.531335562072187530e-287
1.609266373885994942e-293
3.957460409571428084e-300
8.226136897511821192e-307
1.445326612376374017e-313
2.283077349432400281e-320
0.000000000000000000e+00
0.000000000000000000e+00
0.000000000000000000e+00
0.000000000000000000e+00
0.000000000000000000e+00
0.000000000000000000e+00
0.000000000000000000e+00
0.000000000000000000e+00
0.000000000000000000e+00
0.000000000000000000e+00
0.000000000000000000e+00
0.000000000000000000e+00
0.000000000000000000e+00
0.000000000000000000e+00
0.000000000000000000e+00
0.000000000000000000e+00
0.000000000000000000e+00
0.000000000000000000e+00
0.000000000000000000e+00
0.000000000000000000e+00
0.000000000000000000e+00
0.000000000000000000e+00
0.000000000000000000e+00
0.000000000000000000e+00
0.000000000000000000e+00
0.000000000000000000e+00
0.000000000000000000e+00
0.000000000000000000e+00
0.000000000000000000e+00
0.000000000000000000e+00
0.000000000000000000e+00
0.000000000000000000e+00
0.000000000000000000e+00
0.000000000000000000e+00
0.000000000000000000e+00
0.000000000000000000e+00
0.000000000000000000e+00
0.000000000000000000e+00
0.000000000000000000e+00
0.000000000000000000e+00
0.000000000000000000e+00
0.000000000000000000e+00
0.000000000000000000e+00
0.000000000000000000e+00
0.000000000000000000e+00
0.000000000000000000e+00
0.000000000000000000e+00
0.000000000000000000e+00
0.000000000000000000e+00
0.000000000000000000e+00
0.000000000000000000e+00
0.000000000000000000e+00
0.000000000000000000e+00
0.000000000000000000e+00
0.000000000000000000e+00
0.000000000000000000e+00
0.000000000000000000e+00
0.000000000000000000e+00
0.000000000000000000e+00
0.000000000000000000e+00
0.000000000000000000e+00
0.000000000000000000e+00
0.000000000000000000e+00
0.000000000000000000e+00
0.000000000000000000e+00
0.000000000000000000e+00
