1.030867962850320624e-80
6.737678099335870212e-78
3.936811444580963232e-75
2.056392976813098779e-72
9.602730717102036921e-70
4.008764371666793943e-67
1.496075291775851335e-64
4.991413072202297343e-62
1.488746367172730153e-59
3.969584566654273014e-57
9.462296297426331292e-55
2.016392943872899353e-52
3.841323966307572835e-50
6.542049769888706596e-48
9.960333790657611630e-46
1.355692154483909073e-43
1.649587715747392863e-41
1.794390188590762573e-39
1.744960092795450914e-37
1.516984884138788019e-35
1.178973785309094993e-33
8.191325518913048800e-32
5.087815596282187792e-30
2.825112070497080263e-28
1.402384619937677971e-26
6.223371700848594306e-25
2.468945380235171032e-23
8.756375252586720140e-22
2.776287185793181041e-20
7.869217576177904662e-19
1.994003237348944038e-17
4.516971037453931039e-16
9.147362578710527107e-15
1.656043051239387041e-13
2.680244988788040120e-12
3.877970523910893640e-11
5.016047677482453748e-10
5.800239798916020503e-09
5.995941447074861304e-08
5.541099622811873548e-07
4.577851226706352349e-06
3.381072878268448576e-05
2.232412935739557533e-04
1.317715546534589189e-03
6.953379779323574407e-03
3.280177700569261723e-02
1.383330442562369922e-01
5.215328132267140759e-01
1.757779854337831127e+00
5.296323067419248964e+00
1.426630798054946858e+01
3.435388544718760073e+01
7.395495413514522909e+01
1.423265171766351500e+02
2.448677062092873484e+02
3.766208377423312186e+02
5.178504025333650134e+02
6.365484021467771072e+02
6.994967282703416913e+02
6.871745769987156791e+02
6.034977024929107756e+02
4.738177209312133868e+02
3.325631452082912460e+02
2.086719523256450657e+02
1.170526312711998145e+02
5.869828646171107067e+01
2.631460206968046833e+01
1.054618369455288907e+01
3.778513666555409323e+00
1.210246412996882182e+00
3.465403039199421720e-01
8.870760231158125730e-02
2.029995479121111945e-02
4.152947507020815672e-03
7.595300373576658031e-04
1.241825595078034216e-04
1.815111886802515687e-05
2.371774175672288270e-06
2.770578197421586187e-07
2.893307744878701981e-08
2.701133118959031663e-09
2.254366318794076326e-10
1.682016019484249516e-11
1.121922632640623728e-12
6.689949380603332856e-14
3.566234485143938273e-15
1.699511469706498001e-16
7.240448112551680362e-18
2.757616902197689270e-19
9.389220971020600138e-21
2.857934880423977076e-22
7.776823434550001558e-24
1.891817723132693301e-25
4.114181829243627768e-27
7.998615396501667369e-29
1.390187210868689113e-30
2.160025628311438981e-32
3.000348208906920487e-34
3.725731532454429951e-36
4.135981578216155091e-38
4.104618281143422944e-40
3.641615555116846504e-42
2.888301706959035656e-44
2.047944389059409386e-46
1.298138119200036462e-48
7.356153576530609186e-51
3.726557384239025622e-53
1.687687290676004010e-55
6.832872038974145178e-58
2.473100335987662623e-60
8.002161762015336518e-63
2.314728490917351411e-65
5.985768675040407863e-68
1.383779658375620439e-70
2.859835785369703692e-73
5.283751587596050935e-76
8.727117585090093389e-79
1.288624561045104681e-81
1.701018836842131944e-84
2.007330956712724857e-87
2.117658777195166248e-90
1.997193408461737816e-93
1.683881038305754619e-96
1.269199317870652701e-99
8.552151674401430519e-103
5.151670765271145870e-106
2.774265025508148919e-109
1.335595461438056538e-112
5.748162847495511672e-116
2.211619106281572242e-119
7.607093320876163847e-123
2.339129660901583700e-126
6.430089071458440913e-130
1.580180954159484116e-133
3.471552984374668292e-137
6.818171392650571521e-141
1.197124092873522609e-144
1.879046681825307612e-148
2.636714508165855654e-152
3.307621370017906779e-156
3.709331183469701901e-160
3.718797865273818312e-164
3.333010458905415144e-168
2.670532828129244939e-172
1.912873746138355295e-176
1.224903380516226831e-180
7.012041873812134404e-185
3.588511229813429088e-189
1.641766007516966892e-193
6.714835074463283309e-198
2.455198342083269029e-202
8.025367984626688825e-207
2.345149151659378635e-211
6.126368614815666971e-216
1.430747251286639708e-220
2.987100657010103292e-225
5.575244726277513959e-230
9.302617298086117965e-235
1.387629471416409357e-239
1.850414472364090939e-244
2.205929653827291276e-249
2.350939442303679690e-254
2.239847068849502288e-259
1.907754261556981452e-264
1.452625417317695139e-269
9.888080345495737044e-275
6.017241960158258339e-280
3.273483114631107644e-285
1.592024972805528312e-290
6.921763999236739822e-296
2.690362746385265289e-301
9.348286945918201405e-307
2.903891392921418421e-312
8.063442838860189936e-318
0.000000000000000000e+00
0.000000000000000000e+00
0.000000000000000000e+00
0.000000000000000000e+00
0.000000000000000000e+00
0.000000000000000000e+00
0.000000000000000000e+00
0.000000000000000000e+00
0.000000000000000000e+00
0.000000000000000000e+00
0.000000000000000000e+00
0.000000000000000000e+00
0.000000000000000000e+00
0.000000000000000000e+00
0.000000000000000000e+00
0.000000000000000000e+00
0.000000000000000000e+00
0.000000000000000000e+00
0.000000000000000000e+00
0.000000000000000000e+00
0.000000000000000000e+00
0.000000000000000000e+00
0.000000000000000000e+00
0.000000000000000000e+00
0.000000000000000000e+00
0.000000000000000000e+00
