7.528768930985338059e+00
1.180133668078013720e+01
1.584820956778881929e+01
2.901608276713786694e+01
1.373897818961992101e+01
1.398876988143356925e+01
8.059143108258815857e+00
1.434617391602545666e+01
1.026600643722778727e+01
7.877899559748597014e+00
1.329731133545725363e+01
1.242135828541069387e+01
2.433345071182489860e+01
2.337222362534106779e+01
1.795903951508395480e+01
1.908464958180352866e+01
1.884209279813930138e+01
1.883416135544517545e+01
2.275849424994519410e+01
1.553908074632151148e+01
2.481202906113823303e+01
2.100092106319343799e+01
1.841952201273879197e+01
1.858021780722278038e+01
