3.248381337350616072e+00
3.836269346032856298e+00
4.510177519402558843e+00
5.278622928088777755e+00
6.150212239409373893e+00
7.133489497066462626e+00
8.236759938413845461e+00
9.467891024474049289e+00
1.083409281972524063e+01
1.234168089127651591e+01
1.399582596672693846e+01
1.580029565610000475e+01
1.775719455922424217e+01
1.986670999497414059e+01
2.212687134983285020e+01
2.453333159750942016e+01
2.707917983907775294e+01
2.975479371060428946e+01
3.254774016779732193e+01
3.544273246206275019e+01
3.842165006104812619e+01
4.146362684723761305e+01
4.454521117589329293e+01
4.764059933208752540e+01
5.072194165650421382e+01
5.375971818765067667e+01
5.672317818371069365e+01
5.958083543964817608e+01
6.230100900863233448e+01
6.485239687591511881e+01
6.720466841740423547e+01
6.932906019337326597e+01
7.119895885368259769e+01
7.279045471828429470e+01
7.408284997600230781e+01
7.505910642008267075e+01
7.570621918835431075e+01
7.601550504995009305e+01
7.598279630553120967e+01
7.560853424829272740e+01
7.489775925592208239e+01
7.385999782448583062e+01
7.250905008349255354e+01
7.086268441729869494e+01
6.894224863875568587e+01
6.677220960665276550e+01
6.437963515739350839e+01
6.179363366409009473e+01
5.904476739880222169e+01
5.616445613867793440e+01
5.318438713383707750e+01
5.013594667898308188e+01
4.704968715981397054e+01
4.395484165624196038e+01
4.087889606868711923e+01
3.784722639208305850e+01
3.488280629962529389e+01
3.200598771836968126e+01
2.923435467920442221e+01
2.658264849183902001e+01
2.406276030495713059e+01
2.168378542015927835e+01
1.945213237578074938e+01
1.737167882521102769e+01
1.544396560861879308e+01
1.366842014568432084e+01
1.204260033476583480e+01
1.056245049426173388e+01
9.222561479659676209e+00
8.016427904347997568e+00
6.936696330641634489e+00
5.975399326846718040e+00
5.124171356402546174e+00
4.374443530671914715e+00
3.717615278415608238e+00
3.145201930106117594e+00
2.648958059376142149e+00
2.220977150096643982e+00
1.853768756238946880e+00
1.540314789891050973e+00
1.274106913488670667e+00
1.049167233187325188e+00
8.600546027185645981e-01
7.018588649798337409e-01
5.701852974545645880e-01
4.611314033567638915e-01
3.712580188996851271e-01
2.975565031464229571e-01
2.374135539488101965e-01
1.885749632127706188e-01
1.491093969020736709e-01
1.173730675734714068e-01
9.197596564355521587e-02
7.175013402635577187e-02
5.572031163413718180e-02
4.307713549449199153e-02
3.315297875531802996e-02
2.540041158493800549e-02
1.937320223473188927e-02
1.470972418903763144e-02
1.111860000985536411e-02
8.366390734035757115e-03
6.267129080114426133e-03
4.673492987642782238e-03
3.469421061660220643e-03
2.563981488650874437e-03
1.886319349224706461e-03
1.381522662222764517e-03
1.007263894030451879e-03
7.310902288184481252e-04
5.282520022345599730e-04
3.799739151070788477e-04
2.720876784186876678e-04
1.939574322354356486e-04
1.376405617234304553e-04
9.723640778285746425e-05
6.838389532515673161e-05
4.787637110469452782e-05
3.336806886614971756e-05
2.315172638402176512e-05
1.599109298650999500e-05
1.099550994521015394e-05
7.526534596372862620e-06
5.128817058113316669e-06
3.479219380984340029e-06
2.349572654487932939e-06
1.579568279033614826e-06
1.057134844046093402e-06
7.043115840371189561e-07
4.671342757562722793e-07
3.084331840912644373e-07
2.027322869475210156e-07
1.326560926896902077e-07
8.641197722462914307e-08
5.603548604088775728e-08
3.617385584466664851e-08
2.324710747155411156e-08
1.487255222711260789e-08
9.472062205844689817e-09
6.005456698369623542e-09
3.790443240751250759e-09
2.381641642010615842e-09
1.489722208094684608e-09
9.276339366107670326e-10
5.750298960872035727e-10
3.548515282262105017e-10
2.179944289341771600e-10
1.333173183769676869e-10
8.116526359969490797e-11
4.919220580409128102e-11
2.968006515879281520e-11
1.782690140828111464e-11
1.065931593799846350e-11
6.344907080293231127e-12
3.759790597568781702e-12
2.217913008343871311e-12
1.302470268036208519e-12
7.614363190291224953e-13
4.431408814121084894e-13
2.567393905290195599e-13
1.480763341061389021e-13
8.502003157148490687e-14
4.859586637248852839e-14
2.765157390151390757e-14
1.566328471578035612e-14
8.832594407896991698e-15
4.958338742622263829e-15
2.770936403846710870e-15
1.541556272586092559e-15
8.537577649635702072e-16
4.707089002001929904e-16
2.583524670194575864e-16
1.411611784997979431e-16
7.678217274941606596e-17
4.157650500211013791e-17
2.241186614344074600e-17
1.202681195110342759e-17
6.424886804258700000e-18
3.416826290673370990e-18
1.808934239587103745e-18
9.533779819865172499e-19
5.002071737671078057e-19
2.612625573259385406e-19
1.358460111416938895e-19
7.031679496334402098e-20
3.623378504643474574e-20
1.858706421287337261e-20
9.491838812111895863e-21
4.825389438102049030e-21
2.442062887154143994e-21
1.230336129070474018e-21
6.170682065232117083e-22
3.080952647220565414e-22
1.531367182387534769e-22
7.577328361089995660e-23
3.732461520063787915e-23
1.830277875392468341e-23
8.934724801814739849e-24
4.341979716165382698e-24
2.100568554151415382e-24
1.011645580755455929e-24
4.850230487733624763e-25
2.314935128088850776e-25
1.099911474509170242e-25
5.202583985405464483e-26
2.449756543193668540e-26
1.148336614384197136e-26
5.358681660734709566e-27
2.489368347206916307e-27
1.151231933366494029e-27
5.300037615506894031e-28
2.429056046528900691e-28
1.108252140426410506e-28
5.033639181250707731e-29
2.275977915620450624e-29
1.024463442499069818e-29
4.590577742592667848e-30
2.047767695207699563e-30
9.093613416819684550e-31
4.020080480316597851e-31
1.769194036872726767e-31
7.751016220701020066e-32
3.380526028199748415e-32
1.467750990065508434e-32
6.343996568626574191e-33
2.729706515287766420e-33
1.169260915136363888e-33
4.985966643679113674e-34
2.116556003160926372e-34
8.944428962407946215e-35
3.762858902621544824e-35
1.575889303614108913e-35
6.570159931047810714e-36
2.726896373557668760e-36
1.126688306506268695e-36
4.634270706137706338e-37
1.897586013637107468e-37
7.735065610355300133e-38
3.138838656064567848e-38
1.267991793143752728e-38
5.099250561114336263e-39
2.041449878214329286e-39
8.136048902681777726e-40
3.227980024566920966e-40
1.274942464245108399e-40
5.012943313255317321e-41
1.962173745458564367e-41
7.645829105569364005e-42
2.965884078079692567e-42
1.145318347370425792e-42
4.402919273161710324e-43
1.684991394498195510e-43
6.419439513523501340e-44
2.434663778138095881e-44
9.192281965512355721e-45
3.455016613051586509e-45
1.292764453325043892e-45
4.815386196044097019e-46
1.785604634594867283e-46
6.591464919015307255e-47
2.422261603921262758e-47
8.861405382320685393e-48
3.227205520338135464e-48
1.170019506583844371e-48
4.222814853620463176e-49
1.517237045763392510e-49
5.426843472513802737e-50
1.932340302632718137e-50
6.849555487776099923e-51
2.417038810418533450e-51
8.490774739252102373e-52
2.969295868027989815e-52
1.033718022750761806e-52
3.582557437815229239e-53
1.236023407303815835e-53
4.245244306053115500e-54
1.451513704214757566e-54
4.940626828827098472e-55
1.674115524560107094e-55
5.647175109075719407e-56
1.896354580849732963e-56
6.339431230564299747e-57
2.109713609592013611e-57
6.989388377349171130e-58
2.305139973778181187e-58
7.568292179408132918e-59
2.473665303275413862e-59
8.048713053801492294e-60
2.607080318940920131e-60
8.406686211314407258e-61
2.698595071168667876e-61
8.623688641929795575e-62
2.743410980545720560e-62
8.688226547761518541e-63
2.739137668855502682e-63
8.596843952263202654e-64
2.686004193179218138e-64
8.354429308258291868e-65
2.586838704659368109e-65
7.973782248185798961e-66
2.446819045861275799e-66
7.474493914880653493e-67
2.273024895939477741e-67
6.881277181692184988e-68
2.073845366537571762e-68
6.221944732003406269e-69
1.858310954255067000e-69
5.525264644998810299e-70
1.635423527497407992e-70
4.818921566874618970e-71
1.413552469705739589e-71
4.127779303700467315e-72
1.199950867967105026e-72
3.472585270042201623e-73
1.000425683761229128e-73
2.869189324892002640e-74
8.191737731908136760e-75
2.328280667098477161e-75
6.587749612342000883e-76
1.855586891048653479e-76
5.203169416903019623e-77
1.452436310326999464e-77
4.036162915400328870e-78
1.116561727607875271e-78
3.074958413733031724e-79
8.430206548767170486e-80
2.300804105653836378e-80
6.251201980222392628e-81
1.690790810460542283e-81
4.552591524794341771e-82
1.220309386666621507e-82
3.256294515452151047e-83
8.650074802901032338e-84
2.287486333117979082e-84
6.021984209580592899e-85
1.578204132806764861e-85
4.117458207703448822e-86
1.069393851343861251e-86
2.764958550632408060e-87
7.116755197422364776e-88
1.823550894176861672e-88
4.651534107069923735e-89
1.181182462765073217e-89
2.985934181168534358e-90
7.514255016717880240e-91
1.882496116948195966e-91
4.694882285189106649e-92
1.165622134409132745e-92
2.880934095726994772e-93
7.088450658340743190e-94
1.736248075413807495e-94
4.233647484329714785e-95
1.027685122188982385e-95
2.483407020587342833e-96
5.974178565164068732e-97
1.430707828734875708e-97
3.410877854839925887e-98
8.095130246398927585e-99
1.912599216613604315e-99
4.498487995920976023e-100
1.053298868851326940e-100
2.455156208536123136e-101
5.697037787907583293e-102
1.316017094248452779e-102
3.026330957825742163e-103
6.928093974725142972e-104
1.578896197935830112e-104
3.582084672915204248e-105
8.090224541161570923e-106
1.818979325902957095e-106
4.071340356029238644e-107
9.071717481802722292e-108
2.012259946345616226e-108
4.443458294817313120e-109
9.767886250014342604e-110
2.137580791120790324e-110
4.656793094773538164e-111
1.009935890048433992e-111
2.180434922402921327e-112
4.686352062688952315e-113
1.002695703799306958e-113
2.135727579467950275e-114
4.528611000567476538e-115
9.559312032788076373e-116
2.008772333550111722e-116
4.202205222053559178e-117
8.751172759635117393e-118
1.814252442077041670e-118
3.744308594103656177e-119
7.692863254119584600e-120
1.573427911752154550e-120
3.203672748459911116e-121
6.493695252661789291e-122
1.310322261400830328e-122
2.632126725956643474e-123
5.263540027264607150e-124
1.047831679402476467e-124
2.076574795820601662e-125
4.096812539172719671e-126
8.046130371444977178e-127
1.573151315450708138e-127
3.061937980973308624e-128
5.932868760596880092e-129
1.144393948708206464e-129
2.197499694485406958e-130
4.200727922393184237e-131
7.993974218470074197e-132
1.514409734262365585e-132
2.856054570678263034e-133
5.362064941239918300e-134
1.002166998601970202e-134
1.864621058073809032e-135
3.453691418085311935e-136
6.368232895142184024e-137
1.168952337224988548e-137
2.136078107585189511e-138
3.885795257564583558e-139
7.036961230311929296e-140
1.268623822006476999e-140
2.276790264421633525e-141
4.067763065259993493e-142
7.234869987658020163e-143
1.280997473390755943e-143
2.257918566265866992e-144
3.961965921886785645e-145
6.920789757544596339e-146
1.203491525096042495e-146
2.083401036769136989e-147
3.590419343795744544e-148
6.159705286725330942e-149
1.052003420369332463e-149
1.788614839036122711e-150
3.027324437665203703e-151
5.100861873341668184e-152
8.555996921077598604e-153
1.428697008432463218e-153
2.374937093178059546e-154
3.930126645167402226e-155
6.474458324287372579e-156
1.061800177237503844e-156
1.733503036906860526e-157
2.817402396491427077e-158
4.558433379310069125e-159
7.342176221875276877e-160
1.177271025115447467e-160
1.879189452867643550e-161
2.986119177865768593e-162
4.723741969962532365e-163
7.438881767174613561e-164
1.166196154802152992e-164
1.820027766369512354e-165
2.827658003136626793e-166
4.373390016550707080e-167
6.733672595161652023e-168
1.032115363746500159e-168
1.574878118726301014e-169
2.392258545365680510e-170
3.617526654367214481e-171
5.445751557953446270e-172
8.161056199903122758e-173
1.217523555433666021e-173
1.808218197112049549e-174
2.673417325317565987e-175
3.934822448919938213e-176
5.765354047088320553e-177
8.409482739385426405e-178
1.221110721210008819e-178
1.765156696533315903e-179
2.540118306705349444e-180
3.638874552241354471e-181
5.189466140937608374e-182
7.367510120602448672e-183
1.041264971957232066e-183
1.465022303526113413e-184
2.051963698674103993e-185
2.861129859993695977e-186
3.971439270066187172e-187
5.487831160781992211e-188
7.549114567091256675e-189
1.033793389811167262e-189
1.409334050684749787e-190
1.912654816905501339e-191
2.584054753274579255e-192
3.475435910766354046e-193
4.653281397543370992e-194
6.202286278073160095e-195
8.229752209727723899e-196
1.087086668717101026e-196
1.429499606318841269e-197
1.871312720653413270e-198
2.438659462141643723e-199
3.163722679505531778e-200
4.085903601070485710e-201
5.253155829303537772e-202
6.723492289949688528e-203
8.566669219369445825e-204
1.086604612862446801e-204
1.372061411611658800e-205
1.724717681204550574e-206
2.158265857629286248e-207
