3.838750473743529470e-21
6.676088035472308249e-19
8.977320506488095439e-17
9.333916466410004327e-15
7.503667696730445197e-13
4.664185125203739829e-11
2.241663755749272368e-09
8.330242881136235616e-08
2.393521659940935805e-06
5.317525282576362566e-05
9.134278915991889776e-04
1.213197418767823776e-02
1.245894275128709566e-01
9.892895158335350825e-01
6.073766986018296343e+00
2.883270246615041188e+01
1.058290939160142159e+02
3.003428579007482426e+02
6.590555836487351371e+02
1.118199470736129115e+03
1.466928764599072338e+03
1.487960048330927975e+03
1.166987005691441937e+03
7.076740549412362498e+02
3.318127200261262715e+02
1.202943670666462879e+02
3.372019332863341390e+01
7.308484396432444186e+00
1.224777208069891099e+00
1.587008933771709707e-01
1.589989113742627455e-02
1.231690052120056446e-03
7.377364142225940901e-05
3.416595077936400711e-06
1.223427687940866163e-07
3.387315136307181304e-09
7.251459141675258956e-11
1.200294205412623349e-12
1.536181456592786550e-14
1.520161856046072796e-16
1.163133722476184729e-18
6.881164930695165220e-21
3.147652577590294737e-23
1.113279260185728361e-25
3.044485777665092418e-28
6.437485805050847850e-31
1.052473386826249744e-33
1.330449716059760867e-36
1.300404043125429669e-39
9.827672165944386788e-43
5.742691865877006644e-46
2.594614681080387362e-49
9.064059168688966457e-53
2.448302614297397961e-56
5.113284584651980674e-60
8.257096046177943716e-64
1.030972810366972997e-67
9.953128043120784488e-72
7.429583603656861806e-76
4.288069945095554737e-80
1.913602594479425967e-84
6.602891260986379740e-89
1.761607063316009069e-93
3.633929055847040447e-98
5.796106404610952096e-103
7.148069369161384223e-108
6.816064180033733424e-113
5.025405229801258506e-118
2.864844192347507065e-123
1.262767602315501563e-128
4.303664011434168597e-134
1.134085478611117179e-139
2.310711492560735267e-145
3.640308274708213867e-151
4.434279919902601155e-157
4.176385227982379986e-163
3.041378703588811324e-169
1.712509360109482136e-175
7.455691179832388872e-182
2.509778367347087804e-188
6.532438595353781856e-195
1.314642911905069480e-201
2.045656810155116538e-208
2.461218957394796188e-215
2.289603238990819209e-222
1.646882875527835174e-229
9.159203332348228157e-237
3.938630055987195405e-244
1.309559347197189843e-251
3.366647778456832118e-259
6.692104036602784531e-267
1.028537638828757402e-274
1.222278571559952261e-282
1.123085216486109051e-290
7.978986436120656135e-299
4.383038109504657778e-307
1.861635568986969835e-315
0.000000000000000000e+00
0.000000000000000000e+00
0.000000000000000000e+00
0.000000000000000000e+00
0.000000000000000000e+00
0.000000000000000000e+00
0.000000000000000000e+00
0.000000000000000000e+00
0.000000000000000000e+00
0.000000000000000000e+00
0.000000000000000000e+00
0.000000000000000000e+00
0.000000000000000000e+00
0.000000000000000000e+00
0.000000000000000000e+00
0.000000000000000000e+00
0.000000000000000000e+00
0.000000000000000000e+00
0.000000000000000000e+00
0.000000000000000000e+00
0.000000000000000000e+00
0.000000000000000000e+00
0.000000000000000000e+00
0.000000000000000000e+00
0.000000000000000000e+00
0.000000000000000000e+00
0.000000000000000000e+00
0.000000000000000000e+00
0.000000000000000000e+00
0.000000000000000000e+00
0.000000000000000000e+00
0.000000000000000000e+00
0.000000000000000000e+00
0.000000000000000000e+00
0.000000000000000000e+00
0.000000000000000000e+00
0.000000000000000000e+00
0.000000000000000000e+00
0.000000000000000000e+00
0.000000000000000000e+00
0.000000000000000000e+00
0.000000000000000000e+00
0.000000000000000000e+00
0.000000000000000000e+00
0.000000000000000000e+00
0.000000000000000000e+00
0.000000000000000000e+00
0.000000000000000000e+00
0.000000000000000000e+00
0.000000000000000000e+00
0.000000000000000000e+00
0.000000000000000000e+00
0.000000000000000000e+00
0.000000000000000000e+00
0.000000000000000000e+00
0.000000000000000000e+00
0.000000000000000000e+00
0.000000000000000000e+00
0.000000000000000000e+00
0.000000000000000000e+00
0.000000000000000000e+00
0.000000000000000000e+00
0.000000000000000000e+00
0.000000000000000000e+00
0.000000000000000000e+00
0.000000000000000000e+00
0.000000000000000000e+00
0.000000000000000000e+00
0.000000000000000000e+00
0.000000000000000000e+00
0.000000000000000000e+00
0.000000000000000000e+00
0.000000000000000000e+00
0.000000000000000000e+00
0.000000000000000000e+00
0.000000000000000000e+00
0.000000000000000000e+00
0.000000000000000000e+00
0.000000000000000000e+00
0.000000000000000000e+00
0.000000000000000000e+00
0.000000000000000000e+00
0.000000000000000000e+00
0.000000000000000000e+00
0.000000000000000000e+00
0.000000000000000000e+00
0.000000000000000000e+00
0.000000000000000000e+00
0.000000000000000000e+00
0.000000000000000000e+00
0.000000000000000000e+00
0.000000000000000000e+00
0.000000000000000000e+00
0.000000000000000000e+00
0.000000000000000000e+00
0.000000000000000000e+00
0.000000000000000000e+00
0.000000000000000000e+00
0.000000000000000000e+00
0.000000000000000000e+00
0.000000000000000000e+00
0.000000000000000000e+00
0.000000000000000000e+00
