1.630458673977952762e-08
1.833461877560674415e-08
2.061099009950597156e-08
2.316278130587289148e-08
2.602240552454235769e-08
2.922597819178568238e-08
3.281372642409617228e-08
3.683044207305299332e-08
4.132598294141565456e-08
4.635582708007482489e-08
5.198168556594659635e-08
5.827217968590498131e-08
6.530358902529213083e-08
7.316067758567290647e-08
8.193760573975673937e-08
9.173893657683456351e-08
1.026807460048061541e-07
1.148918468607617809e-07
1.285151382471640095e-07
1.437090923616673681e-07
1.606493922325930146e-07
1.795307350168020231e-07
2.005688168703403510e-07
2.240025168738110886e-07
2.500962990933448482e-07
2.791428535946761265e-07
3.114659991131867505e-07
3.474238721285162727e-07
3.874124293114748956e-07
4.318692927165799617e-07
4.812779697007071289e-07
5.361724823720676592e-07
5.971424444311979875e-07
6.648386265741316454e-07
7.399790552068350159e-07
8.233556930893812748e-07
9.158417547100025350e-07
1.018399713705947518e-06
1.132090064524940717e-06
1.258080905783858637e-06
1.397658418457955684e-06
1.552238318154657226e-06
1.723378367320948059e-06
1.912792040338318570e-06
2.122363442106641394e-06
2.354163588949156213e-06
2.610468169522365937e-06
2.893776912930476953e-06
3.206834701469190538e-06
3.552654576404768526e-06
3.934542796981182641e-06
4.356126125495934723e-06
4.821381524845394376e-06
5.334668469477312180e-06
5.900764086258279680e-06
6.524901358437305367e-06
7.212810643728267455e-06
7.970764776617183893e-06
8.805628045404669996e-06
9.724909356288088935e-06
1.073681992007239390e-05
1.185033582194115958e-05
1.307526586122815481e-05
1.442232507638834246e-05
1.590321440048410832e-05
1.753070692457160139e-05
1.931874128051603876e-05
2.128252269107847272e-05
2.343863227373569217e-05
2.580514522572559775e-05
2.840175856139044708e-05
3.124992911914477219e-05
3.437302260445615991e-05
3.779647448725414972e-05
4.154796362728186505e-05
4.565759955927796437e-05
5.015812443162113125e-05
5.508513065739227305e-05
6.047729540583553242e-05
6.637663313511688750e-05
7.282876744424519888e-05
7.988322360322178844e-05
8.759374320607148687e-05
9.601862248159349369e-05
1.052210758916101901e-04
1.152696267463772467e-04
1.262385266718344062e-04
1.382082058737202140e-04
1.512657562594088654e-04
1.655054495998674899e-04
1.810292930415364891e-04
1.979476244114167173e-04
2.163797498983798526e-04
2.364546268398420869e-04
2.583115944957183334e-04
2.821011558510768237e-04
3.079858136553974930e-04
3.361409640798629426e-04
3.667558515549293485e-04
4.000345885386179180e-04
4.361972441616256352e-04
4.754810058987020286e-04
5.181414186267741537e-04
5.644537056491564283e-04
6.147141764919505404e-04
6.692417265133464429e-04
7.283794336092113894e-04
7.924962575489285371e-04
8.619888477339544873e-04
9.372834654378927807e-04
1.018838026861256917e-03
1.107144273615829656e-03
1.202730077543027500e-03
1.306161887067509636e-03
1.418047322591201335e-03
1.539037928743671856e-03
1.669832091622191822e-03
1.811178129478385789e-03
1.963877565637690489e-03
2.128788592772505508e-03
2.306829737989353479e-03
2.498983738534001076e-03
2.706301638265851562e-03
2.929907115402720624e-03
3.171001052389464409e-03
3.430866359097218404e-03
3.710873060913629992e-03
4.012483663637328099e-03
4.337258807440957931e-03
4.686863222515528019e-03
5.063071999352271660e-03
5.467777186956797320e-03
5.902994732621552783e-03
6.370871777205305495e-03
6.873694320181164205e-03
7.413895269014626754e-03
7.994062887721035265e-03
8.616949659722530561e-03
9.285481580377985197e-03
1.000276789479390832e-02
1.077211129673535418e-02
1.159701860464412010e-02
1.248121193093085224e-02
1.342864036084005959e-02
1.444349215728582027e-02
1.553020750812069035e-02
1.669349183232621270e-02
1.793832966160131132e-02
1.926999911376705427e-02
2.069408697430179245e-02
2.221650440216805383e-02
2.384350327588489679e-02
2.558169319553712379e-02
2.743805915608761928e-02
2.941997990697524726e-02
3.153524701252385931e-02
3.379208462716713074e-02
3.619916999889265241e-02
3.876565471363624393e-02
4.150118669259615645e-02
4.441593295359744925e-02
4.752060314670624591e-02
5.082647387326624105e-02
5.434541379641634473e-02
5.808990954992500344e-02
6.207309245086001931e-02
6.630876602018047350e-02
7.081143431380711173e-02
7.559633106507165912e-02
8.067944963768801381e-02
8.607757378649937008e-02
9.180830922125900184e-02
9.789011596656876923e-02
1.043423415088538531e-01
1.111852547188713208e-01
1.184400805357394559e-01
1.261290353958452737e-01
1.342753633872074970e-01
1.429033731069843383e-01
1.520384751967716885e-01
1.617072205271845031e-01
1.719373389999064583e-01
1.827577789319834722e-01
1.941987469835644853e-01
2.062917485866343215e-01
2.190696288284560977e-01
2.325666137395413779e-01
2.468183519319014640e-01
2.618619565291940288e-01
2.777360473261206719e-01
2.944807931100469345e-01
3.121379540733887348e-01
3.307509242407305483e-01
3.503647738300414427e-01
3.710262914626254460e-01
3.927840261317113169e-01
4.156883288347368310e-01
4.397913937695582254e-01
4.651472989898862709e-01
4.918120464103870049e-01
5.198436010469220658e-01
5.493019293725430741e-01
5.802490366649377673e-01
6.127490032161846401e-01
6.468680192709194143e-01
6.826744185542207299e-01
7.202387102459836266e-01
7.596336092539353047e-01
8.009340646331289948e-01
8.442172859954214514e-01
8.895627677484465590e-01
9.370523109995709810e-01
9.867700429567791698e-01
1.038802433654813173e+00
1.093238309831835675e+00
1.150168865778811833e+00
1.209687670981268059e+00
1.271890674370746543e+00
1.336876205001242379e+00
1.404744968964432683e+00
1.475600042356148611e+00
1.549546860105905921e+00
1.626693200480788137e+00
1.707149165075267927e+00
1.791027154098977503e+00
1.878441836775661233e+00
1.969510116668152122e+00
2.064351091746353895e+00
2.163086009018055034e+00
2.265838213545698032e+00
2.372733091676205053e+00
2.483898008315578831e+00
2.599462238085289201e+00
2.719556890203272737e+00
2.844314826939033924e+00
2.973870575499641955e+00
3.108360233211366008e+00
3.247921365870334753e+00
3.392692899145280716e+00
3.542815002925159718e+00
3.698428968515803383e+00
3.859677078600982636e+00
4.026702469895799830e+00
4.199648988433462016e+00
4.378661037439970372e+00
4.563883417766363415e+00
4.755461160862604508e+00
4.953539354293919672e+00
5.158262959816349635e+00
5.369776624045917046e+00
5.588224481773529817e+00
5.813749951996366683e+00
6.046495526755290228e+00
6.286602552888099993e+00
6.534211006827666424e+00
6.789459262595685551e+00
7.052483853162985206e+00
7.323419225369393715e+00
7.602397488617876675e+00
7.889548157579484133e+00
8.184997889168847962e+00
8.488870214071603471e+00
8.801285263128804104e+00
9.122359488905619429e+00
9.452205382794787170e+00
9.790931188028114462e+00
1.013864060899202890e+01
1.049543251726558424e+01
1.086140065482221928e+01
1.123663333485765392e+01
1.162121314072895117e+01
1.201521662351011877e+01
1.241871399869063630e+01
1.283176884256337402e+01
1.325443778886697999e+01
1.368677022626763673e+01
1.412880799728107384e+01
1.458058509925406554e+01
1.504212738803912330e+01
1.551345228501151219e+01
1.599456848809060716e+01
1.648547568744048775e+01
1.698616428653447130e+01
1.749661512927941942e+01
1.801679923390173954e+01
1.854667753430532784e+01
1.908620062961539787e+01
1.963530854262585024e+01
2.019393048786964329e+01
2.076198465003049876e+01
2.133937797341376097e+01
2.192600596318838768e+01
2.252175249910810706e+01
2.312648966241069459e+01
2.374007757658507600e+01
2.436236426268424893e+01
2.499318550984825649e+01
2.563236476168501099e+01
2.627971301914019264e+01
2.693502876046572680e+01
2.759809787887622790e+01
2.826869363845712613e+01
2.894657664886348414e+01
2.963149485931893423e+01
3.032318357239597972e+01
3.102136547802511402e+01
3.172575070814770015e+01
3.243603691239056275e+01
3.315190935510416637e+01
3.387304103406577127e+01
3.459909282110879758e+01
3.532971362489646339e+01
3.606454057601505525e+01
3.680319923451536113e+01
3.754530381998534949e+01
3.829045746418830021e+01
3.903825248625287969e+01
3.978827069035089892e+01
4.054008368574754684e+01
4.129325322905865647e+01
4.204733158849624886e+01
4.280186192983198623e+01
4.355637872375456965e+01
4.431040817424516121e+01
4.506346866754107339e+01
4.581507124120565777e+01
4.656472007276898495e+01
4.731191298735306816e+01
4.805614198364246903e+01
4.879689377751136448e+01
4.953365036256698772e+01
5.026588958682226860e+01
5.099308574466135013e+01
5.171471018321548740e+01
5.243023192222322848e+01
5.313911828640419799e+01
5.384083554933571492e+01
5.453484958778059166e+01
5.522062654537942450e+01
5.589763350458319024e+01
5.656533916567123299e+01
5.722321453166787819e+01
5.787073359794471372e+01
5.850737404526987717e+01
5.913261793504297259e+01
5.974595240543653318e+01
6.034687036714721131e+01
6.093487119744765579e+01
6.150946143121895204e+01
6.207015544763807213e+01
6.261647615118971544e+01
6.314795564567265274e+01
6.366413589987266874e+01
6.416456940358179395e+01
6.464881981265196487e+01
6.511646258178527091e+01
6.556708558377836482e+01
6.600028971395950350e+01
6.641568947857885519e+01
6.681291356593902719e+01
6.719160539908287433e+01
6.755142366888772187e+01
6.789204284645111898e+01
6.821315367369173543e+01
6.851446363113099380e+01
6.879569738186526706e+01
6.905659719078551007e+01
6.929692331815081729e+01
6.951645438667509325e+01
6.971498772133976729e+01
6.989233966120251296e+01
7.004834584253043772e+01
7.018286145264693232e+01
7.029576145394318587e+01
7.038694077756925083e+01
7.045631448638499705e+01
7.050381790681662153e+01
7.052940672933283395e+01
7.053305707732151575e+01
7.051476554421761023e+01
7.047454919880097179e+01
7.041244555865280574e+01
7.032851253182856510e+01
7.022282832687410803e+01
7.009549133138085608e+01
6.994661995934407628e+01
6.977635246765559884e+01
6.958484674212935772e+01
6.937228005352278615e+01
6.913884878408258317e+01
6.888476812520465842e+01
6.861027174686013552e+01
6.831561143949815573e+01
6.800105672919380595e+01
6.766689446686427800e+01
6.731342839242952891e+01
6.694097867484444464e+01
6.654988142897717296e+01
6.614048821035373749e+01
6.571316548883163478e+01
6.526829410230465101e+01
6.480626869157863723e+01
6.432749711759008449e+01
6.383239986217161999e+01
6.332140941359495656e+01
6.279496963814594324e+01
6.225353513900757463e+01
6.169757060374401192e+01
6.112755014169320589e+01
6.054395661258599404e+01
5.994728094771735982e+01
5.933802146499954233e+01
5.871668317922774349e+01
5.808377710888591139e+01
5.743981958081485573e+01
5.678533153405634692e+01
5.612083782417336408e+01
5.544686652933278737e+01
5.476394825941763145e+01
5.407261546941558095e+01
5.337340177830538579e+01
5.266684129463713049e+01
5.195346794997205819e+01
5.123381484131672892e+01
5.050841358365069311e+01
4.977779367361151941e+01
4.904248186536150911e+01
4.830300155962065389e+01
4.755987220680651006e+01
4.681360872517854688e+01
4.606472093483871788e+01
4.531371300839172989e+01
4.456108293902119044e+01
4.380732202668735908e+01
4.305291438310280228e+01
4.229833645608911752e+01
4.154405657386794104e+01
4.079053450978536688e+01
4.003822106791764668e+01
3.928755768995129216e+01
3.853897608367940819e+01
3.779289787340206175e+01
3.704973427246687834e+01
3.630988577813258900e+01
3.557374188888769595e+01
3.484168084430547907e+01
3.411406938746501538e+01
3.339126254992061860e+01
3.267360345915198394e+01
3.196142316838216857e+01
3.125504050860277516e+01
3.055476196260294230e+01
2.986088156075467381e+01
2.917368079826669458e+01
2.849342857357771308e+01
2.782038114752350211e+01
2.715478212287446880e+01
2.649686244380739453e+01
2.584684041484057104e+01
2.520492173873231678e+01
2.457129957281389210e+01
2.394615460320019196e+01
2.332965513629800824e+01
2.272195720700809574e+01
2.212320470299770037e+01
2.153352950440009650e+01
2.095305163828273720e+01
2.038187944721001799e+01
1.982010977121526807e+01
1.926782814248482367e+01
1.872510899204997870e+01
1.819201586777513668e+01
1.766860166292683942e+01
1.715490885460459225e+01
1.665096975131445589e+01
1.615680674896745828e+01
1.567243259458643756e+01
1.519785065701069193e+01
1.473305520389268608e+01
1.427803168428970970e+01
1.383275701616103426e+01
1.339719987809285051e+01
1.297132100458417625e+01
1.255507348424070457e+01
1.214840306023688044e+01
1.175124843242260830e+01
1.136354156046744457e+01
1.098520796745163430e+01
1.061616704333259698e+01
1.025633234773378177e+01
9.905611911523230617e+00
9.563908536668781935e+00
9.231120093878640631e+00
8.907139817556943839e+00
8.591856597626293279e+00
8.285155267790965894e+00
7.986916889837393008e+00
7.697019033591028681e+00
7.415336052171730863e+00
7.141739352212268521e+00
