2.362868713056088714e-43
4.017155752752546896e-41
6.005428504584124511e-39
7.894335571295531251e-37
9.125011440103011640e-35
9.274649448584966198e-33
8.289108829440329350e-31
6.514250146320707409e-29
4.501603844345039040e-27
2.735371807657745745e-25
1.461543385696628135e-23
6.866782774594854741e-22
2.836881257740625055e-20
1.030564691706245570e-18
3.291968051269510780e-17
9.246603097302526271e-16
2.283784245822635424e-14
4.959914396555431241e-13
9.471953147906262532e-12
1.590564016682978556e-10
2.348599786344838625e-09
3.049391130283619202e-08
3.481476758621762956e-07
3.495104133542850141e-06
3.085339725216689583e-05
2.394926083911815939e-04
1.634660201045550669e-03
9.810906025837650909e-03
5.177701323614313650e-02
2.402764047572590878e-01
9.804636730801382649e-01
3.518018683492257104e+00
1.109969454863055205e+01
3.079428788782865922e+01
7.512345534497697486e+01
1.611488449285707247e+02
3.039660573525635527e+02
5.041609866487461886e+02
7.352916479514836965e+02
9.429665385731423157e+02
1.063357216651052340e+03
1.054407133785206497e+03
9.193560537339275243e+02
7.048641078587694437e+02
4.751965783563637729e+02
2.817004008617583395e+02
1.468411837824623092e+02
6.730611772751998956e+01
2.712735535709875379e+01
9.614055481189275554e+00
2.996070603362295248e+00
8.210010540252988820e-01
1.978252110715859602e-01
4.191464697928799082e-02
7.809014684816350735e-03
1.279301526699144200e-03
1.842874873222394663e-04
2.334344940093238129e-05
2.600042609353529921e-06
2.546491033298072028e-07
2.193057856231881718e-08
1.660750068172434165e-09
1.105871639483423322e-10
6.475173564600250552e-12
3.333836977757072984e-13
1.509327748510942867e-14
6.008540675154332241e-16
2.103297503583616402e-17
6.474088905812215289e-19
1.752277416014905135e-20
4.170357826612214725e-22
8.727503433498635654e-24
1.606027540815515544e-25
2.598736225829775898e-27
3.697580725377151390e-29
4.626146480062769953e-31
5.089408929720133275e-33
4.923359704788481298e-35
4.187955304611641742e-37
3.132483277048077824e-39
2.060258602070835105e-41
1.191518974959998403e-43
6.059355617077100932e-46
2.709556254220760058e-48
1.065408492679204775e-50
3.683667212475802990e-53
1.119929990114118380e-55
2.993971159135632900e-58
7.038021711044616392e-61
1.454788448045218867e-63
2.644206309964567853e-66
4.226073855391445304e-69
5.939160744774785189e-72
7.339379233243944320e-75
7.975167801069181383e-78
7.620203724766654101e-81
6.402352574194128643e-84
4.729974977534785762e-87
3.072729652715012827e-90
1.755238400235057012e-93
8.816457606624845645e-97
3.894021879594684619e-100
1.512338133687476153e-103
5.164706786671403438e-107
1.550917476823066564e-110
4.095226823524624908e-114
9.508532258887702336e-118
1.941311642657893237e-121
3.485164534325026765e-125
5.501708352355813187e-129
7.636917429456072040e-133
9.321480112806260225e-137
1.000455811993406074e-140
9.441852194191453147e-145
7.835428202495129732e-149
5.717609954053437334e-153
3.668703100611762842e-157
2.069935725518109442e-161
1.026945521957006965e-165
4.480063839730096225e-170
1.718570100110526141e-174
5.796909928955949655e-179
1.719380928288549423e-183
4.484292260707397320e-188
1.028399758747354816e-192
2.073844906468603737e-197
3.677365814211868562e-202
5.733814603180738245e-207
7.861342361004132205e-212
9.477548724684819270e-217
1.004712009164943285e-221
9.365552715502407136e-227
7.676645466992891460e-232
5.532938041570563018e-237
3.506601238630161473e-242
1.954173900443451159e-247
9.576047403378611712e-253
4.126250763648449642e-258
1.563403932523015631e-263
5.208744251844852068e-269
1.525952869446987669e-274
3.930931338598748765e-280
8.904223404780839209e-286
1.773547765161575807e-291
3.106246972562888233e-297
4.783825484619962766e-303
6.478298054275093564e-309
7.714233969665021410e-315
1.063723335496203810e-320
0.000000000000000000e+00
0.000000000000000000e+00
0.000000000000000000e+00
0.000000000000000000e+00
0.000000000000000000e+00
0.000000000000000000e+00
0.000000000000000000e+00
0.000000000000000000e+00
0.000000000000000000e+00
0.000000000000000000e+00
0.000000000000000000e+00
0.000000000000000000e+00
0.000000000000000000e+00
0.000000000000000000e+00
0.000000000000000000e+00
0.000000000000000000e+00
0.000000000000000000e+00
0.000000000000000000e+00
0.000000000000000000e+00
0.000000000000000000e+00
0.000000000000000000e+00
0.000000000000000000e+00
0.000000000000000000e+00
0.000000000000000000e+00
0.000000000000000000e+00
0.000000000000000000e+00
0.000000000000000000e+00
0.000000000000000000e+00
0.000000000000000000e+00
0.000000000000000000e+00
0.000000000000000000e+00
0.000000000000000000e+00
0.000000000000000000e+00
0.000000000000000000e+00
0.000000000000000000e+00
0.000000000000000000e+00
0.000000000000000000e+00
0.000000000000000000e+00
0.000000000000000000e+00
0.000000000000000000e+00
0.000000000000000000e+00
0.000000000000000000e+00
0.000000000000000000e+00
0.000000000000000000e+00
0.000000000000000000e+00
0.000000000000000000e+00
0.000000000000000000e+00
0.000000000000000000e+00
0.000000000000000000e+00
0.000000000000000000e+00
0.000000000000000000e+00
