2.049527448975734181e-66
3.555504896945858835e-64
5.661258568692736472e-62
8.273492333926905183e-60
1.109759610073454275e-57
1.366259290447701080e-55
1.543837229302534526e-53
1.601157518675317265e-51
1.524160759874966069e-49
1.331654808288708270e-47
1.067865890640151910e-45
7.859699386088977485e-44
5.309569679500243362e-42
3.292129280231794793e-40
1.873521175638468278e-38
9.785983940639380770e-37
4.691530664023818696e-35
2.064375934593885425e-33
8.337333691908128839e-32
3.090507117970848302e-30
1.051469017443442170e-28
3.283427114929851932e-27
9.410711252792453578e-26
2.475606897575993954e-24
5.977300470860465596e-23
1.324624121769267093e-21
2.694290370512973075e-20
5.029911066019287026e-19
8.618672566707414515e-18
1.355453504925509468e-16
1.956559393996855380e-15
2.592182743035764338e-14
3.152117237825012231e-13
3.518060281937532105e-12
3.603863718044459164e-11
3.388422915654793824e-10
2.924091973810847416e-09
2.316053648948429529e-08
1.683721933826119349e-07
1.123456578712332637e-06
6.880284264822765977e-06
3.867413776075055015e-05
1.995258023150356819e-04
9.448038616270256146e-04
4.106278691316777793e-03
1.638020569211849284e-02
5.997281698723865018e-02
2.015365009072155322e-01
6.216087904343950976e-01
1.759724775624712745e+00
4.572318950305338525e+00
1.090416601106762151e+01
2.386780932871549865e+01
4.795090769237725681e+01
8.841893373949652357e+01
1.496435085070357616e+02
2.324527340255460217e+02
3.314176267269995719e+02
4.336913052271684705e+02
5.208947684015940922e+02
5.742267814776633941e+02
5.810065919839670414e+02
5.395638486616774117e+02
4.599057036696662522e+02
3.597981412497844644e+02
2.583528180401648342e+02
1.702674604824107973e+02
1.029945589300045299e+02
5.718222808170848026e+01
2.913882483309000193e+01
1.362847180051143248e+01
5.850412050303178013e+00
2.305100781234998841e+00
8.335996983173961095e-01
2.766873778228728931e-01
8.429179731976468859e-02
2.356923294746112937e-02
6.048807328957307369e-03
1.424814156976713471e-03
3.080426564292468045e-04
6.112623772138874078e-05
1.113290851243378095e-05
1.861031748659148358e-06
2.855374600507975706e-07
4.021023116089308604e-08
5.197257270606192631e-09
6.165609697368907711e-10
6.713392059019348940e-11
6.709221961618736683e-12
6.154127323662004281e-13
5.181135643392788291e-14
4.003571743871326387e-15
2.839451378647924031e-16
1.848355164591400600e-17
1.104334352881675603e-18
6.055916895934521379e-20
3.048059211854168737e-21
1.408092093393381869e-22
5.970392571743251423e-24
2.323479711326121351e-25
8.299253853093142177e-27
2.720842362930928102e-28
8.187133665113034978e-30
2.261124880089469991e-31
5.731672725671902733e-33
1.333528765363244981e-34
2.847656229180633992e-36
5.581319694304908621e-38
1.004038593672730472e-39
1.657784527830802317e-41
2.512290899890025111e-43
3.494426710495961388e-45
4.461142699585748768e-47
5.227336552396267788e-49
5.621846418177220877e-51
5.549344159644840107e-53
5.027690214018672396e-55
4.180801313943651986e-57
3.190911177373131709e-59
2.235291000421089943e-61
1.437201268353570503e-63
8.481355786473520935e-66
4.593853486160188393e-68
2.283774218197344135e-70
1.042061521375628241e-72
4.364130425802832308e-75
1.677514377193502973e-77
5.918326881991560545e-80
1.916442590469969166e-82
5.695827751437468013e-85
1.553753244280543837e-87
3.890195414421837070e-90
8.939741368664305990e-93
1.885569998807446043e-95
3.650266160575851940e-98
6.485904848844264299e-101
1.057744514428955708e-103
1.583270639668320059e-106
2.175172493484800684e-109
2.742814362847871856e-112
3.174412022067714102e-115
3.372052622343422981e-118
3.287680149004002563e-121
2.942042507989328929e-124
2.416420409274914548e-127
1.821630188465606963e-130
1.260410761399665745e-133
8.004388476529705890e-137
4.665609445210724839e-140
2.496047080962160071e-143
1.225635501294560086e-146
5.523750567905568415e-150
2.284919764196673392e-153
8.675050611444256634e-157
3.022993741417306164e-160
9.668667977409762930e-164
2.838312523434974155e-167
7.647472923115078555e-171
1.891210412989005312e-174
4.292654358257546277e-178
8.942854380071344842e-182
1.709978166291531362e-185
3.001021723930776080e-189
4.834058270732610494e-193
7.146917864543408559e-197
9.698171700610736211e-201
1.207883682744226416e-204
1.380780127634323775e-208
1.448732188159217103e-212
1.395133794486681932e-216
1.233126912233575886e-220
1.000377375601338244e-224
7.448762277856459399e-229
5.090594866876223588e-233
3.193133852949442107e-237
1.838357117470596844e-241
9.714194740648880478e-246
4.711377440768501709e-250
2.097264272422937359e-254
8.568850916957068335e-259
3.213336322632153689e-263
1.105996995960722787e-267
3.493943513186423338e-272
1.013075889113957489e-276
2.696076725487309414e-281
6.585468595520303093e-286
1.476404250104863030e-290
3.038002020022440378e-295
5.737662488393837241e-300
9.945946187365260179e-305
1.582418605011432160e-309
2.310791834860994024e-314
3.088898417799473394e-319
0.000000000000000000e+00
0.000000000000000000e+00
0.000000000000000000e+00
0.000000000000000000e+00
0.000000000000000000e+00
0.000000000000000000e+00
0.000000000000000000e+00
